nep 1 C 
cutoff 8 3.5
n_max 15 8
l_max 4
ANN 50 0
 -8.7205059e-05
 -1.3034955e-04
 -1.1847160e-05
 -1.1893241e-04
 -1.7211623e-05
  4.8394036e-06
  4.8145528e-05
 -4.7939026e-05
  1.2128245e-04
 -1.4306371e-05
 -1.1078313e-04
 -3.7639453e-05
  4.3336931e-05
  1.3672091e-01
 -4.5513985e-05
 -6.6670604e-05
  1.0430797e-04
 -1.2703975e-05
 -6.6787914e-05
  5.5548204e-05
  7.9450590e-05
 -3.3497348e-05
 -8.5038773e-05
  4.8147798e-05
 -3.9654507e-05
 -2.0204137e-05
  8.6415203e-06
 -2.2805936e-05
  5.2633248e-05
  1.3159113e-05
 -1.1515490e-04
 -1.1702349e-04
  3.6906767e-05
  3.8013324e-05
  4.9010578e-06
  5.6745896e-05
  1.8327992e-06
 -2.2998548e-04
 -9.4458483e-06
 -7.7244811e-05
  2.1455609e-05
  2.3493349e-05
  7.4984928e-05
 -4.9932394e-05
 -9.1637339e-05
 -1.2959578e-05
  3.0307207e-05
 -3.1532146e-02
  1.1140888e-05
  2.3213102e-05
  6.8754118e-05
 -1.5560340e-04
  3.8531396e-01
 -9.6871805e-01
  1.1256363e-01
 -9.8097362e-02
 -6.9094025e-02
 -3.8711627e-03
  7.4212009e-01
  6.3082081e-01
  3.5597658e-01
 -7.1948791e-01
 -2.9899153e-01
  8.4711850e-01
  7.7697609e-05
 -3.0424887e-01
 -2.6462457e-01
 -4.8032504e-01
 -1.2085716e-01
 -3.4788886e-01
 -6.2096871e-02
 -3.9490798e-01
  3.8002229e-03
  2.0382102e-01
  1.2163303e-01
  1.4997705e-02
 -1.0682132e-02
 -5.6765348e-01
  4.5134515e-01
  4.1332138e-01
 -2.8454721e-01
 -1.6791506e-02
 -4.5414817e-01
 -6.5656668e-01
 -1.4315133e-01
 -4.5160422e-01
 -1.3953082e-01
  3.3914578e-01
 -4.6656296e-01
 -3.3575475e-02
  1.8462846e+00
  1.4745405e-01
  1.4476478e+00
  1.0065769e-01
 -3.7071127e-02
 -3.2382047e-01
  8.1274998e-01
  6.3245143e-03
  3.4535614e-01
  2.2056859e-02
  1.5094574e-01
 -6.6336989e-01
 -4.8134273e-01
  2.4081077e-02
  1.6693732e-05
  3.9301912e-04
  9.0529720e-06
 -1.0503174e-02
  2.7827971e-02
  1.1024577e-04
 -3.7502690e-04
 -1.9216912e-03
  4.4486828e-02
 -3.2195132e-04
 -1.5766719e-04
  1.0819363e-04
  7.2070509e-02
  2.8008257e-05
 -8.4669905e-04
  1.6091793e-04
 -2.8705981e-05
  2.4886261e-04
  6.9271447e-03
 -5.3263360e-05
  9.5743135e-02
 -3.4843182e-05
  4.5662243e-03
  1.9556331e-03
  2.8154248e-02
 -2.3449920e-04
  1.1048383e-01
  2.6849262e-02
  1.3788501e-02
 -3.3250388e-02
  6.5559003e-04
 -3.2984465e-04
  1.3083859e-01
 -5.0285928e-02
  1.5458563e-01
 -1.3640930e-01
 -1.7796417e-03
 -9.1539565e-03
 -8.4104222e-06
 -1.8458717e-05
 -2.0681719e-01
 -1.0455336e-02
  1.7369902e-04
 -9.5265141e-06
 -1.7601432e-02
  9.0877406e-02
 -9.7186356e-05
 -5.1187695e-04
  1.3013921e-05
 -6.5948822e-02
  5.2972723e-02
  1.2670056e-02
  1.5284920e-04
  6.9988091e-05
  1.8627867e-05
  2.6988087e-05
 -2.9498424e-06
 -6.6705696e-05
  3.7185837e-05
  3.6469555e-07
 -2.9909697e-06
  5.2943280e-05
 -5.9215408e-06
  4.7516365e-05
  5.5383633e-05
 -1.4992798e-04
 -1.4038345e-05
  3.6807000e-05
  7.4833242e-06
  9.5514770e-07
 -1.0958164e-05
  1.4080404e-04
  1.9948704e-04
  4.5637416e-06
  9.4742209e-05
  9.2889713e-05
 -6.5560221e-06
 -3.8013609e-06
  4.5926085e-05
  2.1642189e-05
  2.9927996e-04
 -6.3351283e-05
  1.2670124e-04
 -4.6444807e-06
  4.2321812e-03
 -1.3742257e-04
 -2.8904906e-05
  6.1303945e-05
 -4.6614776e-05
  5.1157818e-05
  5.5913333e-02
  3.6444653e-05
 -1.2898060e-05
  5.4942153e-05
  5.4772776e-05
  2.4677100e-05
 -5.1994910e-05
  2.3593324e-05
 -1.4606347e-04
 -3.4591081e-05
 -5.3951644e-06
 -9.2846123e-05
  3.6905694e-05
 -2.5152092e-04
  4.2479503e-05
 -9.3433518e-05
 -2.6543297e-05
 -4.7669582e-05
 -1.3284513e-05
 -9.8112934e-05
  2.5253872e-05
  2.4505753e-05
 -3.3957587e-04
 -6.0184368e-05
 -4.7104211e-05
 -6.5923719e-05
 -1.6925962e-05
 -8.2697974e-05
 -6.2284694e-06
 -2.6875458e-04
  4.7363956e-05
  5.0269238e-05
  1.0835025e-05
 -1.6500726e-05
 -1.5109999e-06
 -8.3471850e-06
  3.0153076e-05
 -5.2892352e-05
  6.7304872e-02
  2.2354807e-06
 -4.2725937e-04
 -3.4407109e-05
 -6.3206207e-05
  7.4782118e-04
 -9.6037285e-05
  1.3786793e-04
 -8.3544743e-05
  3.2363266e-06
 -1.9444452e-04
  3.4924873e-05
  1.3893230e-04
 -5.3422281e-04
 -8.2611208e-05
  3.3943761e-06
 -4.1343235e-05
  5.6017579e-06
 -4.1133526e-04
 -2.5725688e-04
  4.6949132e-04
 -1.6088937e-04
 -1.7461723e-04
 -8.4829162e-06
 -1.0873822e-05
 -2.6073758e-05
 -9.7111588e-05
 -1.1537386e-05
  8.8843910e-05
  3.6803438e-05
  4.9122855e-01
 -9.4197383e-03
  2.1506737e-01
  6.9317115e-03
 -3.2341002e-05
 -6.3142717e-02
  2.0362605e-01
 -2.3411578e-02
 -3.5253394e-02
 -8.5728019e-03
  1.0154800e-01
 -1.9642143e-02
 -5.6338150e-02
  3.5364490e-02
 -9.1963578e-03
  1.4741777e-01
  1.9403858e-01
  1.3210566e-04
  3.3659917e-01
 -1.0651710e-01
  5.6375224e-02
 -1.6841201e-04
 -6.3511059e-02
 -2.9617004e-05
 -1.8683237e-01
  3.3084840e-01
 -3.5730593e-02
 -7.0228763e-02
  3.6251087e-02
  6.1505920e-01
 -2.4551578e-02
  3.1743102e-02
  3.4138337e-02
 -1.8693779e-01
 -1.6714571e-04
 -8.3825469e-02
  4.0987573e-04
  5.0039317e-02
  4.5237716e-02
 -1.3366927e-02
  5.7546005e-02
 -2.0104352e-02
 -2.5327626e-01
  2.4383740e-02
 -9.7955368e-02
 -5.0409950e-02
  8.6268748e-04
  1.0203730e-01
 -4.1680437e-02
  6.1024481e-01
 -2.4279159e-05
 -9.0108995e-05
 -3.0639898e-05
 -1.5502290e-05
 -2.1240703e-05
  7.7018340e-06
  5.2826832e-05
  1.5374551e-05
  2.9043589e-05
  1.9338670e-05
  3.3032695e-05
  1.2086632e-05
  4.3110696e-05
  6.9746100e-05
  1.6203633e-06
  4.6602341e-05
 -2.0650068e-05
 -5.3773183e-05
  2.2798724e-06
 -7.2315175e-05
 -3.0704476e-05
  4.0584605e-06
  4.1119431e-05
 -1.2953930e-04
 -2.7925089e-05
  7.4588803e-05
  4.4119206e-05
  9.9298813e-05
 -3.0628844e-06
 -2.2630724e-05
 -9.8430552e-05
  1.0564207e-05
  3.1002506e-05
  7.0493312e-05
  6.9402158e-05
 -9.1943752e-05
  5.8784692e-05
 -1.6063270e-05
 -2.6729185e-05
  3.2019381e-07
 -1.3645329e-05
  2.7944292e-05
  5.5904977e-05
  3.5309702e-05
  2.0718518e-05
 -3.0509814e-06
 -6.9001988e-05
 -3.2473843e-05
  1.8137139e-04
 -9.5173520e-05
 -1.5492686e-04
 -5.2656353e-05
 -7.1673114e-03
  7.3381770e-01
  6.0912770e-01
 -5.2053177e-01
  3.9609051e-01
 -5.9758878e-01
 -6.0108513e-01
 -9.1223851e-02
 -7.6541811e-02
  4.1451447e-02
  4.8139936e-01
  1.0572170e-01
 -6.1206341e-01
  1.6032901e-01
  1.0840399e+00
 -1.9702326e-01
 -3.3218229e-01
  2.5449403e-02
  1.9169240e-01
  6.2610769e-01
  9.1639590e-01
  1.9378664e-01
 -2.4388349e-01
 -3.4872121e-01
 -2.2881198e-01
 -2.4458079e-01
 -1.4968847e-01
  4.5653129e-01
 -3.8335699e-01
 -4.8013523e-01
  5.4145521e-01
 -6.5446831e-02
  2.9533813e-02
 -1.7770974e-01
  4.6395626e-02
  2.8761959e-02
  1.0814768e-02
 -1.8687753e-01
  2.0799197e-01
  9.4077602e-02
  1.7751744e-01
 -1.3146061e-01
  2.3345368e-01
 -2.5121784e-01
 -3.1503178e-02
  6.4748847e-01
  5.4564238e-01
 -3.8318375e-01
  3.4104861e-02
 -1.3842241e-01
  4.3344584e-01
 -1.6389354e-01
 -5.4935885e-05
 -3.9374147e-05
  7.6810638e-06
  3.5632936e-05
 -1.4220371e-05
  6.4743017e-07
 -7.4783711e-05
  6.7203575e-05
 -6.5405857e-07
  3.3506690e-04
  1.1950445e-05
 -8.0769751e-05
 -1.9856861e-05
  5.6713699e-05
 -7.7381002e-05
  1.7142999e-04
  1.0194603e-04
  2.0580044e-05
  3.6263496e-06
  1.1766177e-05
 -2.5211426e-05
 -1.1598213e-05
 -2.7967087e-06
 -1.8555986e-05
 -1.5378962e-05
  1.7934458e-06
  6.0219798e-05
  7.4599680e-05
 -1.0732593e-04
 -2.0580581e-05
  2.8242071e-05
 -3.5381468e-05
 -2.2668595e-04
  1.1486850e-04
  1.1735882e-04
  6.5892382e-05
 -1.2738561e-05
 -1.1693384e-04
 -5.6181748e-06
  1.4956137e-05
 -6.0777365e-06
  5.7445695e-06
  7.9336372e-05
 -3.1366722e-05
 -3.2094758e-05
  5.7871745e-05
 -7.8203184e-06
 -2.8943907e-06
 -3.3065171e-05
 -1.3811758e-05
  4.6397046e-05
  2.1015663e-05
  1.9051033e-04
 -1.2190903e-06
 -1.9294885e-05
 -3.7200447e-05
 -6.6728444e-06
 -1.7661434e-05
 -1.2989997e-05
 -3.9751456e-05
 -3.7485543e-06
 -1.9342770e-07
  5.9108547e-06
  2.8601407e-06
  4.7343510e-05
  2.1633705e-04
  4.9160946e-05
  1.0550264e-04
 -2.9498402e-05
  6.7202063e-06
  1.7470717e-05
 -2.6854870e-05
  2.8347458e-05
 -1.7074564e-05
  1.5351502e-04
 -1.5922918e-04
  1.4347486e-05
 -2.7608030e-04
  3.0899806e-05
 -3.2263313e-05
 -7.6536482e-05
 -1.1798241e-04
 -6.1150255e-05
  9.0821239e-05
 -1.7581388e-05
  4.9133130e-05
 -2.6735574e-06
  1.1025485e-04
  8.0286645e-06
  2.0815107e-05
 -1.2363945e-05
 -2.4485920e-04
 -5.6008063e-05
 -4.2955951e-05
  2.1875776e-05
  9.1696711e-06
 -6.4591666e-05
 -3.2739795e-06
  2.3086001e-05
  3.3784883e-05
  9.8894932e-05
  2.6031523e-05
  1.6546962e-04
 -5.2121377e-05
 -3.7687652e-02
 -2.4211101e-02
 -2.1954339e-02
 -6.5335035e-02
 -1.1755342e-02
 -7.9369731e-02
  4.8991140e-02
  9.4402827e-02
 -5.8995243e-02
 -1.1166858e-01
 -9.8010721e-03
  1.2734358e-01
 -1.1411353e-01
 -1.3280886e-01
  1.6097845e-01
  1.9383310e-01
  7.9009630e-02
 -3.6683951e-02
  6.1009560e-02
 -4.6985856e-01
  4.0129453e-02
 -1.5167223e-01
 -4.6447460e-02
  1.9983547e-02
  5.7482708e-02
  7.6896079e-02
  2.5855588e-02
 -1.6508906e-01
  1.2957734e-01
 -2.7074186e-02
 -4.8807111e-02
 -1.9445397e-01
 -1.1053359e-02
  1.6054234e-01
 -1.6203992e-01
  4.0034842e-04
 -2.7446696e-01
 -1.1115619e-01
 -5.4693129e-02
 -4.3878645e-01
  5.7365134e-02
  2.6797870e-01
 -9.2456512e-02
 -1.8168002e-02
  6.6376822e-03
 -2.9000425e-01
 -2.2183655e-01
 -1.6886991e-01
  5.0178077e-02
 -8.1637226e-02
  8.9354180e-02
 -2.5304309e-01
  3.1829980e-01
  6.3495666e-01
 -1.4818101e+00
  1.3020705e-01
  8.6136341e-01
  7.6702255e-01
 -1.0133086e+00
  7.7590311e-01
  4.5032734e-01
  1.7566839e-01
 -4.7382167e-01
  2.4640252e-01
  7.1334189e-01
 -1.1959624e-01
 -6.5842313e-01
 -5.5740482e-01
 -2.5958198e-01
 -5.4555434e-01
 -7.1128402e-03
  7.0492595e-01
 -1.0484254e-01
 -9.0569392e-02
 -2.4155627e-01
  4.3051451e-01
  1.4124842e-01
  4.8025277e-01
 -2.2249581e-01
 -6.2594241e-01
 -1.7155878e-01
  7.2995764e-01
  4.6432334e-01
  2.5829801e-01
 -4.1984016e-01
  5.9677517e-01
  1.5734792e-01
 -1.4030058e+00
  5.3974714e-02
 -5.4407142e-02
 -3.9381143e-01
 -5.7189763e-01
 -4.3852219e-01
  1.9685443e-01
  6.5293826e-02
 -1.8380680e+00
  5.0821686e-01
  1.8281698e-01
 -1.2688494e-01
  7.7818826e-02
  1.4508435e+00
  5.5203742e-01
 -3.3311895e-01
 -1.6141106e-01
 -4.0880602e-02
 -3.8821105e-04
 -1.6607864e-01
 -5.4681405e-02
  7.5070906e-01
  8.2774317e-01
 -5.2792245e-01
 -2.1494469e-01
  5.4722780e-01
  1.3881418e-01
 -1.2914571e-01
 -8.9291233e-01
  1.6123399e-01
  1.3808843e-01
 -3.2938294e-02
  5.0424034e-04
  1.3617511e-01
  2.1766250e-01
 -1.2619440e-01
  3.0025947e-01
 -5.2965317e-02
  3.5896954e-01
 -7.6524168e-01
  1.8503217e-01
 -3.8159052e-01
 -4.2288631e-02
  6.4208943e-01
 -8.1336242e-01
  6.3874257e-01
  8.9821935e-01
 -8.2637542e-01
  2.4616349e-01
 -4.9276471e-01
 -1.3657437e-01
 -4.5949173e-01
 -6.3056521e-02
  2.4308906e-01
  1.1616253e+00
 -1.1082278e+00
 -3.3609769e-01
  2.2345647e-01
 -3.2961398e-01
 -5.0537489e-02
  1.3822007e-01
 -6.6671543e-02
 -1.3064852e-01
 -3.3011090e-02
 -6.0609114e-01
 -7.9857779e-01
  8.8867283e-01
 -3.3374405e-01
  8.0606443e-01
  2.2028922e-04
 -1.3254580e-04
  9.3443359e-06
  1.3071136e-04
 -2.1546955e-05
 -1.8244231e-04
 -5.5244123e-05
  1.1055698e-04
 -2.2682809e-05
 -1.1424017e-04
 -4.0887266e-05
 -4.3367968e-06
  9.4213647e-06
  1.9259429e-05
 -1.0914309e-05
  7.4518553e-05
 -5.8882733e-06
  3.8897251e-05
 -3.7606536e-05
  9.9661578e-05
  6.7928529e-05
  3.9948711e-05
 -1.5496151e-07
  4.3302978e-05
  1.0429484e-05
  3.9668717e-05
  1.0053893e-04
  2.4038070e-05
 -6.4121428e-05
  1.4482911e-05
  4.8685111e-02
  2.6743795e-05
  1.6516831e-05
  2.2893480e-05
  3.3042466e-05
 -2.3643604e-05
  8.2067847e-05
  3.6061534e-05
 -2.8705907e-05
 -3.1629505e-05
 -4.5457979e-05
  1.3511350e-05
 -4.1700332e-05
  9.9020595e-05
  5.4815297e-05
  4.2643795e-05
 -4.1276999e-05
 -1.1237275e-04
  5.9727408e-05
 -1.7081127e-05
  2.0564039e-07
  2.4207406e-05
  1.2868077e+00
 -4.9553278e-01
 -1.2984316e-01
  1.1122824e+00
  1.2351441e+00
  3.0856910e-01
 -2.3966444e-01
  6.6924495e-01
  1.1626236e-01
 -5.7445812e-01
 -5.6362790e-01
 -3.6449102e-01
 -6.5654522e-01
 -4.5061338e-01
 -3.8005564e-01
 -4.3062764e-01
 -6.3741475e-02
 -3.9685583e-01
 -8.3114877e-02
  1.1994343e-01
 -1.5540974e-01
 -2.4271488e-01
 -1.9354571e-01
  5.9038913e-01
  4.9623215e-01
 -1.6392417e-01
 -8.2786584e-01
  1.0861143e+00
  1.1521730e+00
  5.6516039e-01
 -1.5951399e+00
 -2.5583923e-01
 -3.2942462e-01
 -2.7682597e-02
 -1.4354057e+00
  3.5829186e-01
  6.2261856e-01
 -1.6914949e-01
  1.3973089e+00
 -2.7535376e-01
  1.8568847e-01
  2.1100996e-01
 -5.6691676e-01
  8.8608176e-01
 -1.2764119e-01
 -8.9193195e-02
  2.3511250e-01
  4.5520109e-01
 -1.0528046e+00
 -2.1823995e-01
 -9.2876881e-01
 -4.1218203e-01
  1.1686353e-01
 -1.3372622e-01
 -1.1578413e-01
  4.1058142e-02
  2.1621405e-01
  1.8797061e-01
  1.8376006e-02
  1.6561939e-01
  1.0385524e-01
 -1.1161647e-01
  5.4397327e-01
 -3.1795952e-02
  1.0165010e-01
 -5.9813317e-02
 -3.7102306e-01
 -3.9464650e-01
 -3.3838192e-01
  3.7251395e-01
  1.4321589e-01
 -3.5151115e-03
 -7.4325867e-02
  2.0400617e-01
  1.2499778e-01
  3.0720269e-02
 -2.0123206e-02
 -9.5764026e-02
 -5.7925910e-02
 -1.6468082e-02
 -6.4466611e-02
 -3.3916298e-01
  1.4325289e-01
  2.8258482e-02
 -3.6683255e-01
  1.9130798e-01
  1.3464481e-02
 -2.7129644e-01
  8.6620852e-02
  7.5256430e-02
 -1.3528256e-01
  2.2290121e-01
 -2.1518067e-01
 -7.1158093e-01
  3.2191607e-01
 -1.4315090e-01
  3.4960142e-01
 -2.2245395e-01
  1.5862082e-01
  1.1540370e-01
 -2.5016481e-01
 -7.7011801e-02
 -3.2534549e-01
 -2.8022323e-05
 -1.3283902e-05
 -2.9999013e-05
 -8.5796200e-06
 -1.6829898e-04
 -1.8029368e-03
 -9.7816781e-05
  2.2324127e-04
 -2.1006002e-05
 -5.0064811e-04
  1.1560023e-04
  4.0332201e-05
 -2.6717829e-04
 -2.5889545e-05
 -3.2263962e-04
  6.3990985e-05
 -8.9667898e-05
  3.6642348e-05
 -1.0821050e-06
  5.9539212e-05
  7.9776091e-06
  1.3877783e-05
  1.9756490e-05
 -1.2977848e-04
 -3.0793344e-05
 -3.5296931e-04
 -4.2937412e-05
 -1.6165871e-02
  2.6754136e-05
 -2.9415591e-04
 -1.2791029e-04
 -1.5707725e-03
 -8.3985142e-06
 -1.0301360e-02
  3.0416619e-05
 -6.2216930e-03
 -6.7033042e-04
  3.8534308e-05
 -5.6961770e-05
 -2.5230378e-04
 -1.4871123e-04
 -7.7133067e-05
  3.6718695e-05
 -3.0805817e-04
 -3.0060092e-04
 -2.5018198e-05
 -1.2988397e-05
 -3.4451569e-04
  4.8168549e-06
  1.3712393e-05
 -7.4977965e-05
  7.1880182e-05
  2.8979874e-05
  7.9693599e-04
  1.2667359e+00
 -4.8362306e-01
 -1.1029363e-01
 -2.7602258e-01
  7.1685806e-02
 -1.3923907e-01
 -5.8231842e-02
  1.0513557e-01
 -5.8973730e-01
  5.7681388e-01
 -1.4223522e-01
  9.0311885e-01
 -2.0799185e-01
 -7.7763569e-01
  2.1157981e-01
 -1.5850827e-01
 -1.4286253e-01
  1.9757165e-02
 -1.6966102e-01
 -8.2830504e-02
  3.4143963e-01
  1.9043855e-01
 -1.5834597e-01
 -7.9668961e-02
  3.0170369e-01
  5.4709828e-01
  1.0251952e+00
 -9.2897642e-01
 -9.1342694e-01
 -5.1405001e-01
 -6.7485219e-01
  1.2463102e+00
 -4.8156872e-01
 -2.0227857e+00
  1.2422072e+00
  1.0195203e-01
  9.0650702e-01
  1.3136002e+00
  5.3959149e-01
  6.8310231e-01
  1.9035710e-01
 -9.8549048e-05
  2.0923673e-03
 -1.5153074e+00
 -1.3479635e-01
  2.4278335e-01
  1.6025045e+00
  2.6511787e-03
 -9.2446095e-01
 -5.6277037e-02
 -9.1094655e-01
 -3.7106557e-04
  4.1413945e-03
 -6.0970578e-05
 -1.9018091e-02
  4.8084915e-02
 -2.3771572e-04
 -5.8086952e-03
 -6.6767007e-02
  3.7698843e-02
 -8.1785029e-04
 -3.2260076e-03
 -6.0045235e-02
  9.8089606e-02
 -2.7232268e-03
 -3.4888564e-03
 -2.1270381e-02
 -5.6675526e-05
  1.5763006e-04
  6.7264460e-02
  7.7891894e-02
  6.6678628e-02
 -3.3803917e-03
  2.1839445e-03
  1.3686855e-01
 -1.4633962e-02
 -6.1680956e-05
  2.0084422e-02
  7.5598985e-02
  2.1878469e-03
 -1.7981568e-02
  6.8680341e-03
 -1.9886291e-04
  4.0201634e-02
 -3.4863874e-02
  2.0135483e-01
 -4.4196151e-02
 -6.6626519e-02
 -3.7950501e-02
  6.3141849e-04
  1.8738548e-03
 -4.3697122e-02
 -9.1164589e-02
 -1.1006607e-01
  9.9979434e-04
 -2.6251694e-02
  9.0896167e-02
  6.7911425e-04
  1.4905543e-02
 -1.6942630e-02
 -5.8844227e-02
  1.0084964e-01
  2.1664293e-02
 -3.0621857e-05
 -8.6662078e-07
  7.8730649e-05
  2.8312250e-05
  6.3340303e-06
  4.6985857e-05
 -2.4411542e-05
  1.0134182e-04
 -4.7804915e-05
  7.3666066e-05
 -4.6204514e-04
  4.8094748e-06
 -5.0065246e-05
  1.1744366e-05
  2.9529232e-05
 -4.8315818e-05
 -1.7654158e-05
  3.1837229e-05
 -4.3654436e-05
  2.2133292e-05
 -2.1539482e-04
  2.4017423e-05
  1.2238742e-05
  4.5310335e-05
  3.1837364e-04
 -4.9297691e-05
 -2.5889272e-05
  1.3652649e-04
  1.8818544e-05
 -6.7634664e-07
  8.3890482e-06
 -3.4131358e-07
  1.6331575e-04
 -5.7484707e-05
 -9.5388088e-05
  3.6401569e-05
 -6.7173438e-05
  4.0665233e-05
  1.3355475e-05
  1.8999153e-05
  1.0956104e-04
 -1.7230615e-05
  2.6967746e-05
  4.3942928e-06
 -5.9908079e-06
 -7.5058058e-05
 -1.1690313e-04
  1.0657380e-04
  1.3942981e-05
  6.5144450e-05
  1.9819145e-06
  2.2280676e-05
  1.0398799e-06
  6.9598602e-05
  3.0742474e-05
 -1.3745499e-04
  5.7522487e-04
  5.6758945e-05
 -1.8819195e-05
 -3.4759352e-05
  8.4929343e-04
 -1.8443330e-06
 -2.2765482e-05
  1.9426088e-05
  2.9177194e-05
  1.2685197e-04
  6.8369759e-06
  7.0726214e-06
 -2.6053798e-05
  1.4504071e-04
  3.4854798e-05
 -2.4992158e-05
  1.9297018e-05
 -2.2780789e-04
  7.5649215e-05
  2.0824704e-05
 -3.3291450e-05
 -1.3381197e-05
  4.6306845e-02
  9.4327654e-05
  3.7957891e-03
 -3.2347536e-05
  6.9240901e-05
  1.3972839e-04
  2.6571101e-02
  9.0551024e-05
  2.2124159e-03
  2.5072859e-05
 -5.2203144e-05
  1.3636998e-04
 -4.2732849e-05
  4.1954841e-05
  5.9887614e-05
  2.7445258e-06
  4.7006574e-03
 -1.5708174e-05
 -2.8651149e-04
  9.6127224e-06
  8.3763050e-05
 -1.1048019e-04
  1.2359618e-05
 -1.0591095e-01
  3.6007317e-05
 -7.3235431e-05
  5.0606941e-06
 -2.1048838e-05
  2.7119388e-05
  5.3723488e-04
 -1.2894243e-03
 -7.8943884e-03
  9.6679592e-05
  1.5686404e-04
 -2.2695202e-02
 -1.1587462e-05
  1.5404535e-04
  4.5282959e-06
 -1.2878230e-02
 -1.1272095e-04
  4.6336114e-05
 -1.0874760e-05
 -6.4606531e-05
 -2.0004296e-05
 -8.8919813e-05
 -1.5848605e-05
 -6.8951791e-05
 -6.4058222e-05
 -1.1655120e-03
 -7.0672395e-05
 -4.3587017e-05
  1.4102439e-04
 -5.0264470e-02
 -6.0003303e-04
 -1.3603583e-02
  3.6861744e-05
 -3.8927507e-03
 -4.5237379e-05
 -4.9695302e-02
 -1.8222649e-05
 -6.0602501e-02
 -4.4233315e-05
  3.5833767e-05
 -1.7373242e-04
 -6.6449524e-05
 -9.7601289e-05
 -1.7700465e-06
 -1.9164687e-05
 -5.0661666e-03
 -8.2957202e-05
  4.9021123e-03
 -4.8113167e-03
 -4.3777801e-04
  2.3123939e-04
 -9.9762874e-05
 -6.1806080e-05
 -4.2848427e-05
  7.7519835e-05
 -3.0290897e-04
 -2.6699707e-02
  1.8268398e-05
 -5.1077671e-02
 -1.9224313e-01
 -6.7477282e-05
 -4.6996796e-05
 -3.2777820e-02
 -3.6775506e-05
 -4.3931834e-02
  2.7333397e-05
 -2.3634133e-05
 -2.0984252e-01
 -1.5434782e-06
 -1.1933040e-01
 -3.1582022e-03
  1.6892061e-05
  2.8870472e-05
  2.6760725e-05
 -4.4036537e-05
 -1.4420417e-05
  5.5360306e-06
  1.2104243e-05
 -5.7695019e-05
 -1.8561721e-02
  1.9796612e-04
 -3.3597525e-02
  4.7577956e-01
 -3.6421181e-03
  1.4124447e-01
 -3.5450091e-03
  2.0993197e-01
  3.1509378e-05
 -4.5294695e-02
  2.9592016e-03
  7.0651591e-02
 -4.2533749e-05
  1.2480808e-01
 -1.0566360e-04
 -1.1770341e-04
  2.5134310e-02
  4.2055238e-02
 -4.3706398e-02
 -3.1406146e-02
  3.9819084e-02
 -1.5856107e-01
 -9.8297831e-05
 -4.4357914e-02
 -9.6613588e-04
  4.2670753e-02
 -1.0248832e-02
 -1.0690489e-01
 -1.1684938e-04
 -2.3287897e-05
  2.0770067e-05
 -3.6502224e-06
 -1.0382832e-04
 -4.3173350e-06
 -1.4168736e-04
  4.6830450e-05
 -2.6488262e-05
  5.8687525e-05
  2.2705877e-05
 -4.1540261e-08
  2.5733715e-04
  4.6540037e-05
 -8.5146676e-05
 -1.6143622e-05
  6.1255373e-06
 -4.9628135e-05
 -2.1825266e-05
  2.4796444e-05
  5.1250387e-05
 -1.2043800e-04
 -3.5186677e-05
 -1.8326555e-05
  8.6483094e-05
 -3.4494635e-05
  4.6305609e-06
 -9.5892239e-05
  1.2298340e-04
  1.6129778e-05
 -4.0290593e-05
  7.5391632e-05
 -1.3188721e-05
  6.2347259e-05
  9.0107133e-06
 -2.2783295e-05
  9.6829033e-05
 -5.4037489e-05
 -4.4044849e-05
 -1.5059115e-04
 -9.4417210e-06
 -1.6398597e-05
 -1.1223932e-05
 -3.0744526e-05
 -1.4281091e-05
  6.0058210e-06
 -1.1350414e-05
 -2.6403428e-05
 -2.2883443e-04
 -4.8589576e-05
  7.4409661e-05
 -9.2335613e-06
 -5.2595597e-06
  3.3284658e-05
 -9.7020835e-05
  7.0063557e-05
  1.4762665e-05
  4.0432933e-06
 -1.1695934e-05
 -3.8462749e-06
  2.4788165e-05
 -3.5015812e-05
  2.5003694e-05
  2.0997124e-05
 -3.9316426e-05
 -4.4570963e-05
 -1.3274225e-04
 -1.9014646e-05
  1.5520993e-05
  1.0986707e-04
 -2.9394683e-05
  4.9572154e-06
 -3.5111098e-06
  1.5506834e-05
 -6.2383651e-06
  1.0713330e-04
 -2.8588787e-05
  2.7192245e-05
  9.9731980e-05
 -4.5731373e-05
  1.0822741e-04
 -4.0635323e-06
  3.7840375e-05
  1.2826406e-05
  5.3883981e-05
 -5.2774205e-05
  1.0272417e-04
 -1.4121402e-05
  4.0012557e-05
 -1.1298857e-04
  9.4584539e-05
 -5.6490830e-05
  5.1381252e-05
 -5.8452051e-06
 -5.6161731e-05
 -5.8972100e-06
  9.6007534e-07
 -1.0091542e-06
 -6.2747975e-05
  4.9420600e-05
 -3.1610380e-06
  7.1910494e-05
 -6.9197020e-05
 -2.9635425e-03
 -1.2620783e-04
 -6.6603488e-06
  4.5126977e-05
 -4.2035423e-05
 -2.9986126e-05
  4.4223889e-05
 -8.5022933e-05
  8.4353844e-05
  2.2336055e-05
 -2.9308783e-05
 -8.8755642e-06
 -9.7501652e-07
  2.8988630e-05
  3.6476604e-06
  1.2827187e-05
 -1.4489588e-05
  8.0792430e-05
 -3.3398526e-05
  3.7997364e-05
  3.6850070e-05
 -2.0189718e-06
  1.6315900e-05
 -1.0279556e-04
 -1.1868848e-05
 -1.9849489e-05
  9.9345125e-05
 -1.5223639e-04
 -8.9834730e-06
  1.2863061e-04
 -4.2984507e-06
 -7.1869734e-05
 -3.2340482e-05
 -8.0505546e-05
  1.3047022e-04
 -8.6582826e-05
 -6.9418556e-06
  2.6925025e-05
 -5.4327895e-05
 -4.3421856e-05
  3.8012582e-05
  2.1602767e-05
  1.9272479e-01
  7.8816129e-08
 -4.3925291e-05
  6.6812492e-05
 -7.3109855e-05
  4.6053301e-06
  1.9787962e-04
  6.3742300e-05
  2.7100643e-05
 -1.7807671e-06
 -1.1117605e-04
 -2.5093589e-02
  1.3792614e-05
  8.3967872e-02
  7.7824846e-02
 -4.3361209e-02
 -7.0081808e-02
  3.1480974e-01
  1.2772326e-01
 -3.5663864e-01
  3.5466918e-01
  1.8816048e-01
 -1.0884106e-02
  2.1125375e-04
  1.1430836e-01
  8.3235621e-02
 -1.8807174e-01
  2.7993882e-02
 -3.2364877e-03
 -2.9305503e-01
 -5.1632352e-02
  2.4902089e-03
  3.8504433e-02
  3.3695602e-01
 -2.1956811e-02
 -1.0786407e-01
  5.9702553e-02
  2.3497062e-02
  1.7975423e-01
  2.2100277e-05
  3.3487466e-01
  9.7240351e-02
  6.7632042e-02
  1.1118545e-01
 -8.2234420e-02
 -1.5052266e-01
 -1.9250019e-03
 -1.5113965e-01
  5.6588974e-02
  1.0587649e-01
 -3.6335561e-01
 -1.0151838e-01
  4.6232887e-02
 -7.8254446e-02
 -4.8527837e-02
 -3.6909398e-02
 -2.7702972e-01
 -7.1293153e-02
 -7.2881088e-02
 -2.9131980e-04
 -5.1522300e-02
 -1.3915330e-01
 -6.2633917e-02
 -4.1294515e-02
  5.6048226e-02
 -4.3673541e-02
  4.1922130e-02
  2.6403764e-01
 -7.8729242e-02
 -1.1921792e-01
 -1.1071573e-01
  4.1635673e-02
 -1.6791609e-01
 -2.6359564e-02
  2.0716093e-01
  1.0479526e-01
 -1.6640636e-01
  3.1855470e-01
 -1.8763480e-01
 -8.2363194e-06
  4.2137727e-02
 -1.5531747e-04
  1.0265606e-04
  1.7254604e-01
 -8.2962900e-01
  6.0755986e-01
  1.3136926e-01
  7.3048837e-02
  3.5715528e-04
  8.6136830e-01
 -2.7117002e-01
  4.1130480e-01
 -1.3188122e-01
  9.3288325e-02
 -5.4558795e-02
  4.8761137e-02
  1.5344739e-01
  1.2452453e-01
  1.1839203e-02
 -3.9987072e-01
  2.7532145e-01
  1.8236191e-03
 -8.5879073e-02
 -4.8731667e-01
 -2.2476146e-01
  2.3145531e-01
 -1.4458468e-02
 -5.1913285e-01
  1.5036008e-01
  1.7180571e-01
 -7.8855790e-02
  8.5382136e-03
 -2.6075181e-01
 -5.3997360e-02
  3.0660468e-01
  1.0751552e-04
  2.2813813e-04
  2.8660748e-05
 -5.6595007e-05
  3.6387086e-05
 -6.5225206e-05
 -7.5729326e-06
  6.4296895e-05
 -8.9049478e-05
 -4.3143718e-06
 -2.6664133e-05
 -2.4517335e-04
  7.5670141e-05
  1.5285854e-05
  8.5673146e-06
 -1.3296123e-04
 -2.6944124e-06
  4.5433371e-05
  2.0983298e-05
  3.2838914e-05
  2.4126144e-05
 -1.8884764e-05
  1.7945849e-06
  1.0366089e-04
  1.9887420e-06
 -1.0597116e-04
 -2.4318651e-05
  1.5045646e-05
  4.9151451e-05
  2.2564076e-04
  1.5302318e-04
 -1.8833108e-04
  7.5353573e-06
 -1.8829345e-05
 -5.2331088e-05
 -6.1837854e-05
 -3.4165307e-05
 -1.3944869e-04
  3.1842308e-05
 -1.1868512e-04
 -1.0905716e-04
 -5.8116266e-06
  3.7866936e-05
 -2.3299835e-05
 -2.9811901e-05
 -3.5077155e-06
  1.0311970e-04
  4.2641834e-05
  4.0089228e-05
 -7.3425945e-05
  4.5983543e-05
  1.8708208e-05
  2.2691109e-05
 -2.7170470e-05
 -3.4725250e-05
 -2.5199060e-05
 -4.7922031e-06
 -1.2017557e-05
  1.4933465e-04
  8.3509207e-05
  3.5564692e-05
 -4.3059372e-06
  7.2935800e-05
 -2.7225189e-05
  9.9747231e-06
 -3.2250150e-04
 -6.2144798e-05
 -7.1808252e-05
  1.4938720e-05
 -5.3643038e-05
  2.3485647e-05
  6.7716370e-05
 -4.9551189e-05
  4.4594744e-05
  3.8401781e-06
  5.4791009e-05
  1.3424845e-04
 -7.0458787e-05
 -3.1134718e-05
 -1.4136855e-04
 -1.5053718e-04
 -2.4543582e-05
 -1.5724716e-05
 -9.5972086e-05
 -3.1252421e-07
  9.2069413e-06
 -2.6747182e-06
 -2.1604779e-05
  3.3899283e-05
  1.7630653e-06
 -3.3666315e-06
 -1.9764714e-04
 -2.1868591e-05
 -3.6708861e-05
  2.1306589e-05
  6.3780448e-05
 -1.6009579e-05
  1.1577065e-04
  2.0106489e-05
  1.1692544e-05
  5.3649546e-06
 -3.4961955e-05
 -9.1635193e-06
  8.3375679e-05
  2.2937937e-05
 -9.6551172e-05
 -1.7746595e-04
 -6.3741743e-03
  6.4980299e-03
  2.4518604e-05
 -6.4886776e-03
 -8.0583827e-04
  1.0558423e-03
 -1.6343058e-04
 -3.1195053e-05
 -1.0704760e-01
  1.8263319e-01
 -2.4330728e-04
 -1.6566372e-01
 -2.3727426e-03
 -2.5277480e-04
  5.4945216e-05
  1.0891987e-05
  4.6368647e-02
  1.3808346e-04
  1.3879473e-04
  1.3679124e-01
  3.7250420e-04
  1.4758536e-01
 -2.2355311e-05
  2.1572989e-01
  9.1660640e-06
  8.2286000e-02
 -6.9783113e-05
  1.3717073e-03
 -1.7103201e-04
  2.0559072e-02
 -1.4433658e-04
  1.1174444e-01
 -1.1082512e-04
  1.3707795e-05
  4.1049466e-02
  1.6083671e-03
  2.5504196e-04
 -6.6956796e-02
 -1.7920842e-04
  2.4709373e-03
 -1.4504493e-05
 -1.6795861e-02
  5.8625214e-05
  4.1188316e-05
 -2.3552788e-04
  5.2847980e-05
 -2.7345520e-01
  6.9561233e-03
 -2.3698820e-04
 -5.4482561e-02
 -1.1426786e-01
 -1.3913922e-01
 -3.5478722e-02
 -1.9720274e-01
 -7.7940680e-02
 -2.9864660e-03
 -1.5301272e-01
 -4.7628471e-01
 -5.6113716e-04
 -8.9706592e-02
 -3.2181829e-02
 -6.5818839e-02
 -2.8302320e-04
 -1.0577428e-01
 -3.7317348e-01
 -5.1987963e-06
 -2.8106075e-05
  1.0551752e-04
 -1.1150620e-04
 -2.0570587e-07
  2.3864846e-04
  7.0350070e-05
  2.5248623e-06
  3.7436385e-02
  2.3487689e-01
 -7.5166055e-05
  2.5439173e-01
  3.3763345e-02
  1.3512500e-02
  1.8871295e-01
  1.6370454e-01
  3.5646710e-01
  7.2697677e-02
 -9.6313599e-03
 -3.3236924e-03
 -7.9878919e-02
  7.3642546e-01
 -1.0160080e-04
 -1.1048279e-03
 -1.2238120e-01
 -2.2846786e-03
 -9.0455527e-05
 -9.6977165e-05
 -1.9058526e-03
 -2.5402458e-04
 -2.1955520e-03
 -1.6374751e-03
 -1.1532113e-04
  8.4523740e-04
  1.2436116e+00
  4.0419884e-03
 -2.5251680e-05
  7.3058312e-05
 -1.2962936e-04
 -1.7197887e-04
 -1.9612289e-05
  8.3832558e-05
  4.8696838e-05
 -6.1990386e-06
  4.5760480e-05
 -8.6997679e-06
  1.8952604e-04
  1.0986071e-04
  4.2832879e-05
 -8.1156300e-05
  4.0375668e-05
 -6.4614593e-05
 -5.2305939e-05
  4.3912492e-05
 -1.0367254e-04
  9.8356519e-05
 -2.1149428e-05
  5.5055862e-05
  7.6571348e-05
  1.4844948e-05
 -6.6702174e-05
  1.2081303e-04
  4.3076775e-06
  4.5940618e-05
  8.9265814e-06
 -2.7820723e-05
 -3.3372711e-05
 -5.4147702e-05
 -6.8038698e-06
 -1.8570912e-05
  1.9891567e-04
  4.4099583e-05
 -1.3667917e-05
  9.7064258e-06
  1.2737489e-04
  8.1094156e-05
  1.4785727e-04
 -6.5947199e-05
  3.1282089e-04
  2.5002177e-05
 -8.0044534e-05
  3.1880085e-05
 -1.6930510e-04
  7.6472479e-06
 -1.0752166e-04
  1.3566248e-06
  1.2227062e-04
  7.1446502e-06
  5.3065278e-06
  3.6862475e-05
  1.0082155e-04
 -1.0735353e-04
 -1.5483836e-05
  5.5099965e-05
  1.8748092e-04
 -3.0297319e-06
  2.2545948e-05
 -1.3744178e-05
 -8.7420965e-05
 -1.1770659e-04
 -3.7622885e-06
  4.4196804e-06
  8.7535791e-06
 -7.9030920e-05
  5.5595516e-05
  4.5321576e-05
  7.0990100e-05
 -1.7903369e-05
 -1.7928904e-05
  1.4465033e-05
 -1.2438931e-04
 -3.8112853e-06
  1.0701087e-04
  2.7958149e-05
 -1.4809619e-04
  5.2318665e-05
  1.7769955e-05
  1.0006082e-04
 -1.3030523e-05
  1.2425975e-04
 -6.3934545e-05
 -1.7266611e-04
 -4.4547876e-05
 -1.6238846e-05
 -1.3744787e-05
 -5.1588537e-05
  3.7415957e-05
 -2.3425053e-05
  2.6593229e-06
 -6.5342661e-05
  1.0621249e-04
 -3.6554135e-05
  6.4683947e-05
  5.5155091e-05
  2.7623228e-05
 -2.2406837e-05
  3.6594291e-05
  1.7684897e-06
  1.1519576e-05
  1.4149704e-05
 -1.7958670e-05
 -2.5229583e-06
 -1.1256110e-05
 -3.4020861e-05
 -5.6435238e-05
  2.8280554e-05
  2.8136885e-05
 -6.8362104e-05
  1.3758600e-04
 -2.0409181e-05
 -5.1613235e-05
  2.3331593e-05
  8.3522973e-05
  1.2004495e-05
 -1.1596579e-05
  7.1679759e-05
 -7.8489516e-05
 -2.2138356e-05
 -7.3234318e-05
  1.0313024e-05
  3.2926831e-04
  1.7876628e-06
 -1.0111448e-04
 -4.1802941e-05
  1.5466081e-05
  9.0064808e-05
 -3.6266007e-05
  1.6208853e-05
 -4.3805103e-05
 -7.0450740e-05
 -2.7276201e-05
  4.0902210e-05
 -4.1696909e-05
  5.0610059e-05
  6.5987342e-07
  8.4829990e-05
 -4.2976928e-05
  1.3534151e-04
  5.0230560e-06
  3.8769278e-05
  1.0084373e-06
 -2.0116957e-05
 -1.2684629e-05
 -1.1643310e-04
 -1.8774790e-05
  1.8436278e-05
  1.7200076e-05
 -7.6039498e-05
  1.7613630e-06
 -1.0054456e-05
  1.1968936e-04
 -3.8238650e-05
 -4.3279528e-05
  2.2127373e-02
  3.9624125e-02
 -2.5024393e-03
  6.1884005e-02
  3.4244489e-02
 -2.9591343e-04
  3.7533261e-02
  6.1301122e-05
 -3.8434125e-02
  2.6035208e-01
  4.0947072e-02
  3.1624517e-01
 -3.0874400e-04
 -1.2673826e-02
  2.0328899e-01
 -2.4296786e-04
 -1.7391744e-01
  2.3219267e-01
 -1.3392008e-04
 -3.2255551e-01
  1.9233082e-04
  2.2838557e-02
  5.5292740e-02
  4.5358706e-02
 -3.4570345e-01
  4.0064927e-02
 -7.2691008e-02
 -9.5433071e-03
 -1.7170234e-01
  4.6157776e-03
 -2.2903655e-01
 -5.9979692e-02
 -3.2962957e-01
  1.0812525e-01
 -1.1128341e-01
  2.4468219e-01
 -4.9438751e-03
  3.2666240e-02
  5.0270379e-01
  4.3042866e-03
 -2.1526417e-01
 -7.0455886e-02
  2.0840082e-04
 -3.9262876e-01
  1.8413578e-01
 -2.5882155e-03
  4.7544425e-04
  5.2219126e-05
 -1.6096079e-01
  1.4648304e-02
 -1.2873186e-01
 -3.4244150e-01
  2.2527976e-02
 -2.7894121e-01
 -5.6023858e-02
 -1.5079521e+00
  5.7577676e-05
  1.7229471e-01
  3.9415661e-01
 -3.0639356e-01
  1.1703711e+00
  2.2897327e-04
  4.3066579e-01
  1.0986201e+00
 -1.4765109e-01
  6.8579917e-03
 -8.8924623e-01
  1.1128055e-01
  3.6553985e-01
  5.6880626e-06
  4.3427631e-01
 -8.2544778e-03
 -2.5414169e-01
 -1.9180714e-01
  2.9903722e-01
  3.1134374e-02
 -2.0715590e-01
  2.2965147e-01
  1.9964734e-01
 -3.3274782e-01
 -6.3479438e-02
 -7.5496837e-02
  8.2808101e-01
  1.5014173e-01
  3.3862853e-01
  4.6131045e-02
  3.7930375e-01
  4.8859522e-01
  1.2337156e-01
  1.2777445e-01
  5.8589239e-02
 -8.5579723e-01
 -5.1709193e-01
 -5.7648313e-01
  8.0176485e-01
 -1.1744138e+00
  1.5049163e-02
 -1.4207617e+00
  5.0152856e-01
  3.6208913e-02
 -6.0283011e-01
  1.1236626e-01
  6.2290713e-04
  3.2157011e-05
  2.4951245e-05
 -3.8453486e-06
  1.4533438e-05
 -6.2102365e-05
 -5.4810178e-05
  7.1554568e-05
 -1.8461556e-05
 -2.0913710e-04
  7.3913354e-05
 -1.5803460e-06
  8.0401533e-06
 -3.8774149e-05
  7.0089125e-05
  7.6739008e-05
  1.2901932e-05
  1.3466105e-04
 -2.1202922e-04
  2.9969926e-05
 -6.2216226e-05
 -2.1464275e-05
 -8.4105690e-05
 -8.3634688e-05
 -1.7475500e-05
  4.4076653e-05
 -1.7997019e-05
 -5.5447363e-05
  1.2066633e-04
 -8.7992339e-05
  8.0043741e-05
 -1.6029495e-04
  2.9267394e-05
  3.0147705e-05
 -1.3251984e-04
  2.2519554e-04
  2.2910439e-05
  5.0704668e-05
  5.2953339e-05
  3.7475023e-05
 -1.9568059e-05
  1.7372411e-04
 -2.3176704e-04
 -2.4160927e-03
 -7.7433368e-05
 -3.4146735e-05
 -4.0328130e-05
 -1.1287477e-04
  3.7157046e-05
 -9.0047861e-06
  5.0252744e-05
  1.0446669e-04
 -1.8425188e-05
 -2.4122723e-05
  4.0824714e-05
  1.5005309e-04
 -5.6957688e-06
 -1.6389176e-05
 -1.6870990e-04
  3.8620055e-05
 -2.7889978e-06
 -2.4366936e-05
 -4.9230108e-05
  5.3350177e-05
  6.2322637e-05
  2.5292262e-05
 -1.9061237e-05
  5.1721756e-05
  1.4850554e-04
 -2.9798389e-06
  5.5236105e-06
 -6.5613058e-05
 -9.2065799e-05
  1.0823354e-04
 -1.3940097e-05
 -2.1185380e-05
 -2.7753404e-05
  2.1129465e-04
  1.5690846e-04
  1.8734008e-06
  6.1037346e-05
  1.2771397e-05
 -1.7738330e-05
 -3.1162228e-05
  2.9307599e-05
 -4.8876180e-05
  4.4941695e-05
 -1.5632217e-04
  2.1255213e-04
 -5.4286371e-05
  4.2498203e-05
  2.1908081e-05
 -6.0754279e-05
 -1.8431558e-05
 -6.5476284e-05
  2.5702308e-05
  4.2260264e-05
 -1.2384215e-05
 -7.6556993e-05
  3.4206383e-05
 -5.8421792e-05
  6.4827691e-06
 -1.5118442e-04
  7.9342817e-06
  6.8188565e-05
 -5.7358265e-02
  8.6597532e-01
  8.1627345e-01
 -1.1907811e-01
 -7.2899014e-01
 -1.8889341e-01
  3.2241702e-01
 -3.4771792e-03
 -6.5341279e-02
 -1.8502337e-01
 -2.8803226e-01
 -1.2872337e-01
  1.3131775e-01
 -6.1476737e-02
  1.9109957e-01
 -2.8227848e-01
 -6.7848587e-01
 -1.4490093e-01
 -1.3781026e-01
  9.9054284e-02
  8.7916411e-02
  4.5179081e-01
 -1.5489619e-02
  6.1743319e-02
  9.5469594e-02
 -7.9021558e-02
 -1.6873483e-01
  3.1500500e-02
 -3.0128151e-01
 -5.9381145e-01
  7.8951597e-01
 -2.7444691e-03
  5.5028256e-03
  3.5202470e-02
  2.4205785e+00
 -4.8891526e-01
 -8.5198700e-01
 -6.4594805e-01
  2.7751645e-01
 -2.3206146e-01
 -3.7136224e-01
 -1.2195419e-01
 -1.5983331e-01
 -9.8274410e-01
  2.0463131e-02
 -1.3907175e-01
  1.6026804e-02
 -1.4409240e-01
 -3.6373055e-01
  1.6786572e-01
  2.3080781e-01
  1.8360873e-01
  3.8437924e-01
 -2.1950874e-01
  7.5200981e-01
  5.4220289e-01
 -2.9397431e-01
 -4.5642778e-01
 -2.4880039e-02
  9.8622775e-01
  1.2891612e+00
  1.2981019e-02
 -1.0496187e+00
 -6.0580713e-01
 -4.0771204e-01
 -5.3904885e-01
 -1.0167822e+00
 -1.9372102e-02
 -2.6170185e-06
  6.9205701e-01
  8.9267097e-02
  1.3460210e-01
 -7.3108566e-01
 -6.0548258e-01
  1.9219393e-01
 -2.1416110e-05
  4.8567098e-01
 -8.0349708e-01
  1.0011120e+00
 -4.6546033e-01
 -6.2783316e-02
 -1.2423084e-01
 -1.6799055e-01
 -3.5303155e-01
  1.4290627e+00
 -9.8760664e-02
 -5.5717987e-01
 -3.0832294e-01
  3.1846374e-01
  5.9434909e-01
 -4.2854849e-01
  7.4080288e-01
 -1.0150638e+00
 -5.5469948e-01
 -1.2101663e+00
 -1.6867654e+00
  3.3083671e-01
  6.2005017e-02
 -7.5059092e-01
  9.3670458e-01
  6.0939986e-01
  2.3855338e-01
  7.4239224e-01
  1.0223238e+00
 -4.1948892e-02
 -8.2792833e-02
 -8.3978224e-04
  1.0875453e-01
  1.7580038e-01
 -2.5753042e-01
  1.6204149e-01
 -2.2525491e-02
 -6.4658701e-02
 -2.6333991e-02
 -2.7688873e-01
  1.2577961e-01
 -1.3887103e-01
 -7.2265379e-02
 -8.4403418e-02
  6.8984283e-03
 -1.4534959e-01
  3.4510985e-01
 -1.6179284e-01
  1.3701014e-01
  1.6529837e-01
 -1.2025126e-01
  3.7583396e-01
  1.1464335e-01
 -6.8283170e-02
  1.6295638e-02
 -9.4456017e-02
 -4.3303804e-03
  2.3630495e-01
  3.3008161e-01
 -2.5513543e-02
 -3.7128061e-02
  3.7598240e-01
 -1.0053157e-02
  5.6840125e-02
 -3.9906564e-01
 -9.7419344e-02
  4.2252213e-02
 -2.2695646e-01
  6.3397712e-01
 -7.9322398e-02
 -2.4483925e-01
 -2.0636518e-02
  5.3203690e-01
 -2.4570006e-01
  1.7103465e-01
 -3.6372048e-01
 -2.8866076e-01
 -9.8142698e-02
 -1.5365489e-01
  5.2468050e-01
 -7.8465647e-01
  1.7614072e-04
 -5.6002453e-05
 -1.0640164e-05
 -3.0921172e-05
  9.8761040e-05
  4.8724134e-05
  3.6384416e-05
  9.7571519e-06
  1.8942348e-05
  2.1661615e-05
  2.3473252e-05
  6.9201327e-05
  3.3059256e-05
 -1.3707360e-05
 -3.4988538e-05
 -1.4748827e-04
  2.8337166e-05
  3.6867117e-05
 -6.8505637e-05
  1.6103369e-05
  1.0201296e-04
  3.7272472e-05
 -6.7497067e-06
 -2.0304073e-05
  2.9237966e-05
  3.0828633e-05
  2.6735015e-06
  4.1632673e-05
 -3.2296037e-05
  3.3256791e-05
  1.1152975e-04
  1.0629013e-04
 -4.6133755e-07
 -1.5975245e-05
  7.5147618e-05
  3.4907382e-05
  1.0259767e-05
 -4.4142638e-05
  1.2453504e-05
 -1.6641405e-05
  5.0564253e-05
  1.2569113e-05
  5.6979661e-05
  8.1944410e-05
  3.2789882e-05
 -2.2434784e-05
  4.1462019e-05
 -1.9941675e-05
 -2.6205930e-06
 -1.0614136e-04
  1.6061665e-04
  2.9472514e-05
  7.4813346e-04
 -1.6188287e-04
  3.1793278e-02
  3.4607332e-02
 -3.2744441e-02
  2.8114798e-03
  2.1162733e-01
  1.2250765e-02
 -8.8438494e-05
  4.0796936e-02
  6.2230823e-04
  9.4221093e-02
 -4.6878036e-02
  1.4077082e-01
  3.4384223e-04
  2.5765010e-05
 -7.0110342e-05
 -7.0941515e-02
 -7.5684547e-02
 -1.9055856e-02
 -2.0727918e-01
 -7.9522479e-06
 -4.1741919e-02
 -7.3258564e-02
 -1.2101399e-01
  6.7858640e-03
 -4.3391820e-02
 -4.0513685e-05
 -2.1833896e-03
  2.8757827e-04
  2.1610886e-01
 -1.5497353e-05
 -5.1265858e-02
  1.3894341e-02
 -3.9586085e-01
 -2.9905241e-02
  4.2756149e-03
 -1.9628899e-02
 -5.1073588e-05
 -1.5131866e-04
 -1.1432081e-04
 -9.1033780e-06
  1.8883785e-02
 -8.4778591e-04
  4.0290128e-02
 -2.1774197e-02
 -4.4309971e-04
 -1.4313121e-01
  3.2838453e-02
  6.8915579e-03
 -5.9171161e-03
 -1.4330983e-01
 -7.4919459e-05
 -6.9748843e-05
 -5.2942178e-06
 -2.8655202e-05
 -5.0534294e-05
 -1.4985897e-04
  5.4552584e-05
  2.1429330e-05
 -2.1471922e-05
 -1.1227063e-04
 -8.8911693e-06
 -7.7621262e-06
 -8.7572858e-05
  2.2280708e-06
  3.4510998e-05
  1.5925378e-06
 -7.7189354e-05
 -1.0560529e-04
 -1.8975986e-04
  1.1542432e-04
  5.0080143e-05
 -1.8702573e-04
 -1.7400382e-05
  5.9782677e-05
 -1.2195724e-05
 -6.7239198e-06
 -1.4204044e-05
  1.9801591e-04
  2.1434254e-05
  1.1278857e-05
  7.5487689e-05
 -7.9635356e-09
 -1.9505504e-05
 -4.6495854e-05
  1.0937400e-05
  6.9028570e-06
  1.5042287e-05
 -5.6493205e-05
 -2.0495616e-05
 -4.9062564e-05
 -2.2378405e-05
  1.9877316e-05
 -7.3554829e-06
  4.1939136e-05
 -3.5427751e-05
  5.9795966e-06
 -5.4208449e-05
 -1.0110693e-05
 -7.2157171e-05
  5.0502727e-05
  4.9330283e-05
 -4.7532616e-05
  8.2731336e-01
  8.7915257e-02
 -3.1247491e-01
 -4.1053399e-01
  1.7987752e-02
  8.6231284e-02
  1.4316003e-01
 -4.6176713e-02
  5.7627268e-02
  1.2785605e-01
 -2.3780029e-01
  1.1263208e+00
 -7.1542048e-01
  6.0465825e-01
  5.3379655e-01
 -6.7751211e-01
  1.2422691e-01
  2.4523140e-01
  9.6131504e-02
 -2.1702917e-01
  3.3300507e-01
  2.3968764e-01
 -3.2374093e-01
 -2.7311957e-01
 -2.2047464e-02
  9.2799708e-02
  4.9987356e-03
 -5.8321297e-01
 -7.7775936e-03
  1.3508569e-01
  5.6937128e-02
 -6.1841142e-01
  6.1881073e-02
 -7.6566957e-02
  2.1682620e-02
 -6.3998796e-02
 -1.2966573e-01
 -3.5537785e-01
  2.5192672e-02
 -2.6776344e-01
  1.3475324e-01
  8.9115225e-02
  2.5693435e-02
  3.8516170e-01
 -1.6050868e-02
 -6.7193729e-01
  1.4796108e-02
 -1.0182511e+00
 -3.2256719e-01
  7.7961542e-02
 -1.1684940e-02
  1.6624159e-01
  7.7531673e-05
 -7.0184629e-05
 -6.0493832e-05
 -9.6892563e-07
 -9.5760130e-05
  1.4325562e-04
  4.7295325e-05
 -3.3129982e-05
 -1.2182933e-04
 -4.4771277e-05
 -7.8863093e-05
 -2.9556873e-05
  1.3457019e-05
  1.3811154e-05
 -3.5268204e-06
 -3.3988817e-05
 -5.4046192e-05
  1.6119682e-05
 -1.5216765e-05
 -1.0481521e-04
 -2.2429329e-05
  4.8263970e-05
  1.0577043e-05
  2.1657306e-05
 -4.4369972e-06
 -7.3999123e-05
 -2.1888893e-05
 -3.3548742e-05
  6.1058709e-05
  2.7805072e-06
  5.2466603e-05
  2.5305285e-06
  4.9837608e-06
  1.3230628e-05
 -3.0831734e-06
  1.1130758e-05
 -1.1301128e-05
  2.0297590e-05
 -9.1846769e-06
  4.0025061e-05
 -1.1225313e-04
 -1.7011545e-05
  1.3439868e-04
 -4.7124558e-05
  2.8441413e-05
 -2.2913655e-05
 -1.2816763e-06
 -7.7927980e-06
 -6.9337916e-06
 -7.6900484e-05
  1.8123465e-06
 -6.5493150e-05
 -1.3826305e-01
  3.9088279e-03
 -5.6565814e-02
  2.1051219e-01
 -1.5167138e-01
  9.5413223e-02
  1.3761784e-01
  3.3089256e-01
 -1.3104191e-03
  2.7040252e-01
  3.5218638e-01
 -1.1517165e-01
  3.4936741e-01
 -2.6351127e-01
 -2.1599159e-01
 -5.3810388e-01
  3.9402586e-01
  3.7660465e-01
 -1.6281563e-01
 -1.8671849e-01
 -6.7605697e-02
  3.9050214e-03
 -5.3353127e-02
 -3.1457353e-02
 -1.3769858e-01
 -6.9273007e-01
  4.5510179e-01
 -4.2434046e-01
 -5.2064484e-01
  4.8901325e-01
 -6.0050350e-01
  3.0311617e-01
  5.1018368e-02
  3.6317360e-01
 -3.0793652e-01
  1.2314793e+00
 -8.1889534e-01
 -5.3679061e-01
  7.5141233e-01
  6.8970811e-01
  3.1147242e-01
 -1.7806715e-01
 -2.8410757e-01
 -2.0939581e-01
  1.7804949e-01
  3.1808916e-01
  1.2058944e-01
 -1.3694283e-01
  1.4326503e-02
  4.2900816e-01
 -1.8912360e-01
 -5.4593587e-01
  2.3557739e-05
  5.0383504e-05
  5.4054562e-05
 -1.2635956e-05
  3.5680769e-05
 -2.2833983e-05
 -5.1849662e-07
  3.3836197e-05
  2.2055334e-05
  4.6269946e-05
  4.9385308e-06
  6.5132463e-07
  1.4745749e-05
 -4.4580402e-06
  1.8109948e-05
 -9.3678873e-06
 -2.7910528e-07
  2.8413453e-05
  7.3802898e-05
  5.3600215e-05
  2.0020951e-05
  9.1402464e-05
  3.2017764e-05
 -2.8951139e-05
 -4.5205270e-06
 -3.4124838e-05
 -3.7262871e-05
  2.3956438e-05
  9.8785049e-06
 -8.4581283e-05
  8.5922315e-05
 -1.4458234e-05
 -2.9097153e-05
 -2.5798305e-05
 -4.6698683e-06
  1.0848561e-05
 -3.0310370e-05
  5.1197458e-06
 -6.8370158e-05
  4.5466870e-05
 -7.9815800e-05
 -3.5565070e-05
  1.0755619e-05
  1.3440408e-05
  1.4628356e-04
  3.0114703e-05
  1.8741875e-06
  1.0795060e-05
 -6.2479614e-07
  8.5545355e-05
  6.0275779e-05
 -3.1190149e-05
  1.8922076e-02
 -4.6494552e-01
 -8.1914544e-02
 -3.6507717e-03
  1.1940056e-01
  1.5638249e-02
 -8.7020792e-02
  8.3840370e-02
  1.8354643e-03
 -1.9133430e-02
  2.7645788e-01
  1.1714794e-02
  6.6788524e-02
 -3.7417587e-02
  2.2767495e-02
  1.9475295e-01
 -9.2293907e-05
  3.9983205e-03
 -8.2708308e-03
 -1.6311225e-01
  2.1016705e-01
 -8.5242122e-02
  4.0451348e-02
 -5.7969391e-02
  5.1394879e-04
 -6.0592435e-02
 -1.4745899e-01
  6.4330995e-02
 -2.5763172e-01
  3.6153954e-01
 -5.2212130e-02
 -1.6510919e-01
 -7.0695481e-03
 -9.8788522e-02
 -9.3826286e-02
  8.4702861e-01
  3.1442104e-03
 -4.3136644e-01
  3.7708965e-01
  1.5627863e-01
  5.8214482e-02
  3.0908367e-01
  2.7341917e-01
 -3.2375032e-01
  2.5491139e-01
 -2.9118428e-02
 -1.8387040e-01
  2.7659607e-01
  1.1570109e-01
 -5.7891153e-02
  5.6144383e-02
  1.2488875e-01
 -3.1022890e-05
  1.0383193e+00
 -2.2376673e-05
  7.1187249e-05
 -5.9450103e-05
  6.7940779e-02
  2.3026655e-04
 -4.1656137e-02
 -4.8104514e-05
  7.9504923e-07
 -3.3771595e-01
 -1.5602432e+00
  6.9555002e-01
  5.7719295e-05
  1.1362664e-01
 -3.5233043e-02
  2.0882851e-06
  1.2921661e+00
 -2.1411644e-05
 -3.7377529e-05
  1.8623063e-05
  7.4102129e-05
  2.8724837e-05
 -1.1396053e-04
 -3.9638900e-05
  1.3198703e-05
 -1.1782227e-01
  5.5731930e-02
 -1.1480573e-04
 -1.1825372e-04
 -1.2065231e-04
 -8.1790604e-05
 -5.5636901e-05
  2.0852971e-05
  1.8244906e-05
 -4.0811128e-03
 -5.2881157e-01
 -6.2471304e-06
  3.5677131e-05
 -3.5097857e-03
 -4.2790622e-01
  1.5295368e-01
  9.1045389e-05
  1.6571571e-04
 -6.8771311e-05
 -4.1083467e-01
 -8.9150170e-05
 -3.8767900e-02
 -1.9470352e-05
 -1.9888677e-01
 -1.0953427e-03
 -2.5525552e-01
  6.6754676e-02
  1.6993992e-02
 -1.9451192e-02
  6.6621497e-02
 -3.0604162e-05
  1.2744676e-01
  1.8049011e-04
 -8.5065803e-06
 -2.0713563e-01
  3.0137366e-01
 -1.2217473e-01
 -1.8424728e-04
 -1.5369612e-01
  4.3645871e-01
 -2.5800686e-02
 -6.1571941e-02
  2.6156384e-01
 -2.9052859e-05
  2.4849258e-02
 -4.4733349e-02
 -2.6708886e-02
  2.2951848e-05
 -7.6953893e-06
 -4.5544161e-03
 -1.1042757e-01
  7.1516939e-02
 -7.1462760e-05
 -1.1095128e-05
  4.7211740e-02
 -7.1381085e-02
 -1.0016931e-04
 -5.7428173e-05
 -1.4229070e-03
  7.3124103e-02
 -5.4547983e-01
  1.0246911e-04
 -6.1208215e-05
  1.5217435e-01
  4.8117917e-02
  2.5373757e-01
 -3.3998902e-05
 -5.9763245e-02
  5.9944181e-05
 -1.2864500e-01
  8.0558481e-03
 -5.9999388e-01
 -5.0477509e-05
 -1.9712448e-01
  7.0064416e+00
  2.1815341e-02
  1.0321806e-01
  5.2355617e-02
  2.9896000e-02
  5.9129965e-02
  4.2264879e-02
  4.5254778e-02
  3.8136248e-02
  4.8921198e-02
  4.2115401e-02
  3.9410431e-02
  4.4773094e-02
  3.6613319e-02
  3.7496507e-02
  3.8208183e-02
  4.2206611e-02
  8.3386850e+00
  1.1499854e+02
  4.3591450e+01
  1.3719825e+01
  2.8816360e+01
  3.2442413e+01
  3.4682823e+01
  9.6106834e+00
  1.7074396e+01
  9.7820342e-01
  2.2129328e+01
  6.2371907e+00
  2.2380126e+00
  3.9586332e+00
  3.4834213e+00
  6.5407815e+00
  1.4780848e+00
  3.8994386e+00
  1.3651084e+00
  1.0318842e+01
  9.7153625e+00
  2.1918356e+00
  2.1700699e+00
  6.2950134e+00
  2.6812069e+00
  1.1575449e+00
  6.6463923e+00
  6.7994708e-01
  2.0678347e+01
  2.7685330e+00
  1.7827935e+00
  3.7298355e+00
  1.7230108e+00
  4.9681697e+00
  9.6104705e-01
  3.1823833e+00
