0.000000000000000000e+00 0.000000000000000000e+00
1.999999999999999825e-04 2.552566876676335902e-02
3.999999999999999650e-04 3.493307009060699769e-02
5.999999999999999474e-04 4.009170307030950758e-02
7.999999999999999299e-04 4.349619195119084486e-02
1.000000000000000021e-03 4.597546734316653588e-02
1.199999999999999895e-03 4.789440887323257595e-02
1.399999999999999769e-03 4.944246719962935160e-02
1.599999999999999860e-03 5.072932909018965097e-02
1.799999999999999951e-03 5.182361929030242231e-02
2.000000000000000042e-03 5.277084067202125056e-02
2.199999999999999699e-03 5.360255992130912028e-02
2.399999999999999790e-03 5.434148344078316289e-02
2.599999999999999881e-03 5.500443565210756669e-02
2.799999999999999538e-03 5.560419508953028805e-02
2.999999999999999629e-03 5.615067296289041193e-02
3.199999999999999720e-03 5.665169604286926508e-02
3.399999999999999811e-03 5.711354231509627177e-02
3.599999999999999901e-03 5.754131681259443826e-02
3.799999999999999559e-03 5.793922126425510993e-02
4.000000000000000083e-03 5.831075138931787055e-02
4.199999999999999740e-03 5.865884353681857788e-02
4.399999999999999398e-03 5.898598608836423673e-02
4.599999999999999922e-03 5.929430416121826003e-02
4.799999999999999580e-03 5.958562587015838602e-02
4.999999999999999237e-03 5.986153417713577229e-02
5.199999999999999761e-03 6.012340800431583560e-02
5.399999999999999419e-03 6.037245529742675532e-02
5.599999999999999076e-03 6.060973963718686158e-02
5.799999999999999600e-03 6.083620289751769800e-02
5.999999999999999258e-03 6.105267829631984972e-02
6.199999999999999782e-03 6.125991476933694002e-02
6.399999999999999439e-03 6.145857959362954759e-02
6.599999999999999097e-03 6.164927348631580456e-02
6.799999999999999621e-03 6.183253828493361776e-02
6.999999999999999278e-03 6.200886428074834505e-02
7.199999999999999803e-03 6.217869644448715399e-02
7.399999999999999460e-03 6.234243975609279204e-02
7.599999999999999117e-03 6.250046378047315054e-02
7.799999999999999642e-03 6.265310627036357882e-02
8.000000000000000167e-03 6.280067834074977429e-02
8.199999999999998956e-03 6.294346379695356375e-02
8.399999999999999481e-03 6.308172560252171823e-02
8.600000000000000006e-03 6.321570594275446875e-02
8.799999999999998795e-03 6.334562884971962904e-02
8.999999999999999320e-03 6.347170187197911928e-02
9.199999999999999845e-03 6.359411763456389310e-02
9.399999999999998634e-03 6.371305521320745624e-02
9.599999999999999159e-03 6.382868135542360544e-02
9.799999999999999684e-03 6.394115156834254132e-02
9.999999999999998473e-03 6.405061110190997387e-02
1.019999999999999900e-02 3.863152700271105244e-02
1.039999999999999952e-02 2.932796271423668971e-02
1.059999999999999831e-02 2.427053844117615239e-02
1.079999999999999884e-02 2.096474195719575523e-02
1.099999999999999936e-02 1.858174796564850823e-02
1.119999999999999815e-02 1.675677593895855827e-02
1.139999999999999868e-02 1.530046860175016815e-02
1.159999999999999920e-02 1.410322822848560087e-02
1.179999999999999973e-02 1.309651034062869757e-02
1.199999999999999852e-02 1.223489355859348066e-02
1.219999999999999904e-02 1.148688458786753519e-02
1.239999999999999956e-02 1.082984743473650729e-02
1.259999999999999835e-02 1.024702440839944662e-02
1.279999999999999888e-02 9.725700274444561144e-03
1.299999999999999940e-02 9.256023918634830039e-03
1.319999999999999819e-02 8.830225671543831534e-03
1.339999999999999872e-02 8.442081840909276824e-03
1.359999999999999924e-02 8.086539064777194252e-03
1.379999999999999803e-02 7.759444820587609037e-03
1.399999999999999856e-02 7.457350283172160810e-03
1.419999999999999908e-02 7.177363825048993506e-03
1.439999999999999961e-02 6.917039743074560043e-03
1.459999999999999840e-02 6.674293675411592519e-03
1.479999999999999892e-02 6.447336451080608322e-03
1.499999999999999944e-02 6.234622343875756423e-03
1.519999999999999823e-02 6.034808055677624850e-03
1.539999999999999876e-02 5.846719675883474410e-03
1.559999999999999928e-02 5.669326144661611389e-03
1.579999999999999807e-02 5.501717815741900830e-03
1.600000000000000033e-02 5.343090279502575590e-03
1.619999999999999912e-02 5.192723897407283684e-03
1.639999999999999791e-02 5.049979070742921516e-03
1.660000000000000017e-02 4.914281592438569934e-03
1.679999999999999896e-02 4.785115109544969825e-03
1.699999999999999775e-02 4.662013856748171980e-03
1.720000000000000001e-02 4.544556441548323888e-03
1.739999999999999880e-02 4.432360569874373157e-03
1.759999999999999759e-02 4.325078513751745568e-03
1.779999999999999985e-02 4.222393549288161463e-03
1.799999999999999864e-02 4.124014820699128947e-03
1.819999999999999743e-02 4.029678048438373184e-03
1.839999999999999969e-02 3.939139095437790838e-03
1.859999999999999848e-02 3.852173935787725489e-03
1.879999999999999727e-02 3.768576060098199898e-03
1.899999999999999953e-02 3.688154834474682842e-03
1.919999999999999832e-02 3.610733967671378442e-03
1.939999999999999711e-02 3.536150162486303983e-03
1.959999999999999937e-02 3.464251918951249953e-03
1.979999999999999816e-02 3.394898469473148217e-03
1.999999999999999695e-02 3.327958829051722023e-03
2.019999999999999921e-02 5.431464848100583248e-02
2.039999999999999800e-02 7.306698112632502295e-02
2.059999999999999679e-02 8.332384857308323955e-02
2.079999999999999905e-02 9.007439979698682320e-02
2.099999999999999784e-02 9.497640281543909269e-02
2.119999999999999662e-02 9.875952951652730571e-02
2.139999999999999888e-02 1.018025992051787426e-01
2.159999999999999767e-02 1.043249073982179809e-01
2.179999999999999646e-02 1.064636340138151727e-01
2.199999999999999872e-02 1.083097136645537056e-01
2.219999999999999751e-02 1.099262163926582603e-01
2.239999999999999630e-02 1.113584943568829283e-01
2.259999999999999856e-02 1.126401391464195989e-01
2.279999999999999735e-02 1.137966537317148391e-01
2.299999999999999961e-02 1.148478103110342624e-01
2.319999999999999840e-02 1.158092121602114499e-01
2.339999999999999719e-02 1.166933693105018516e-01
2.359999999999999945e-02 1.175104503142777035e-01
2.379999999999999824e-02 1.182688164299735972e-01
2.399999999999999703e-02 1.189754199538576585e-01
2.419999999999999929e-02 1.196360964021339762e-01
2.439999999999999808e-02 1.202557871945203610e-01
2.459999999999999687e-02 1.208387089475222026e-01
2.479999999999999913e-02 1.213884858935499744e-01
2.499999999999999792e-02 1.219082534832251902e-01
2.519999999999999671e-02 1.224007405213772409e-01
2.539999999999999897e-02 1.228683352769737586e-01
2.559999999999999776e-02 1.233131386370578397e-01
2.579999999999999655e-02 1.237370082076939826e-01
2.599999999999999881e-02 1.241415875469792096e-01
2.619999999999999760e-02 1.245283510095337026e-01
2.639999999999999639e-02 1.248986111074648908e-01
2.659999999999999865e-02 1.252535482565746705e-01
2.679999999999999744e-02 1.255942260069963790e-01
2.699999999999999623e-02 1.259216056417373497e-01
2.719999999999999848e-02 1.262365586228079151e-01
2.739999999999999727e-02 1.265398771993809790e-01
2.759999999999999606e-02 1.268322835196973308e-01
2.779999999999999832e-02 1.271144367996626112e-01
2.799999999999999711e-02 1.273869436368039731e-01
2.819999999999999590e-02 1.276503566336556483e-01
2.839999999999999816e-02 1.279051873027103881e-01
2.859999999999999695e-02 1.281519061644438295e-01
2.879999999999999921e-02 1.283909479700482970e-01
2.899999999999999800e-02 1.286227150151111331e-01
2.919999999999999679e-02 1.288475802352976041e-01
2.939999999999999905e-02 1.290658899319287733e-01
2.959999999999999784e-02 1.292779661925144152e-01
2.979999999999999663e-02 1.294841090459990518e-01
2.999999999999999889e-02 1.296845983982011508e-01
3.019999999999999768e-02 7.882835816906466619e-02
3.039999999999999647e-02 6.020350540263443018e-02
3.059999999999999873e-02 5.007127097989842734e-02
3.079999999999999752e-02 4.344262138518027727e-02
3.099999999999999631e-02 3.865989713873559108e-02
3.119999999999999857e-02 3.499352852575778050e-02
3.139999999999999736e-02 3.206479379339478852e-02
3.159999999999999615e-02 2.965448791158609154e-02
3.179999999999999494e-02 2.762551518319758537e-02
3.200000000000000067e-02 2.588702532502913656e-02
3.219999999999999946e-02 2.437602456621221214e-02
3.239999999999999825e-02 2.304723395526368790e-02
3.259999999999999704e-02 2.186713147653510103e-02
3.279999999999999583e-02 2.081028014187320807e-02
3.299999999999999462e-02 1.985697051346084485e-02
3.320000000000000034e-02 1.899165904070851396e-02
3.339999999999999913e-02 1.820189252219617249e-02
3.359999999999999792e-02 1.747755659553666685e-02
3.379999999999999671e-02 1.681034166733817725e-02
3.399999999999999550e-02 1.619334474577936722e-02
3.419999999999999429e-02 1.562078975639921707e-02
3.440000000000000002e-02 1.508774320451572448e-02
3.459999999999999881e-02 1.459006857237303556e-02
3.479999999999999760e-02 1.412417044332060778e-02
3.499999999999999639e-02 1.368695278877057886e-02
3.519999999999999518e-02 1.327572457267940653e-02
3.539999999999999397e-02 1.288813366540533800e-02
3.559999999999999970e-02 1.252211376544275223e-02
3.579999999999999849e-02 1.217584152042712475e-02
3.599999999999999728e-02 1.184770416891502143e-02
3.619999999999999607e-02 1.153625860509918666e-02
3.639999999999999486e-02 1.124022191091944567e-02
3.659999999999999365e-02 1.095844206126904419e-02
3.679999999999999938e-02 1.068988283701861886e-02
3.699999999999999817e-02 1.043360929410262761e-02
3.719999999999999696e-02 1.018877532906896366e-02
3.739999999999999575e-02 9.954613127049941057e-03
3.759999999999999454e-02 9.730424094005707403e-03
3.779999999999999333e-02 9.515571729686422842e-03
3.799999999999999906e-02 9.309471352826087509e-03
3.819999999999999785e-02 9.111591514633199385e-03
3.839999999999999664e-02 8.921441128632329187e-03
3.859999999999999543e-02 8.738569405483731511e-03
3.879999999999999422e-02 8.562560661244306148e-03
3.899999999999999994e-02 8.393031032991715712e-03
3.919999999999999873e-02 8.229625410867552615e-03
3.939999999999999752e-02 8.072014738682548041e-03
3.959999999999999631e-02 7.919893618217321851e-03
3.979999999999999510e-02 7.772978189667045790e-03
3.999999999999999389e-02 7.631004180948697257e-03
4.019999999999999962e-02 7.493725284718061319e-03
4.039999999999999841e-02 7.360911578034978753e-03
4.059999999999999720e-02 7.232348221629408824e-03
4.079999999999999599e-02 7.107834048051903109e-03
4.099999999999999478e-02 6.987180710161744468e-03
4.119999999999999357e-02 6.870211663484032671e-03
4.139999999999999930e-02 6.756759956423663560e-03
4.159999999999999809e-02 6.646669327506321556e-03
4.179999999999999688e-02 6.539797878379521867e-03
4.199999999999999567e-02 6.436001690900861050e-03
4.219999999999999446e-02 6.335152388749376584e-03
4.239999999999999325e-02 6.237127025148586634e-03
4.259999999999999898e-02 6.141809375617340860e-03
4.279999999999999777e-02 6.049089670371543548e-03
4.299999999999999656e-02 5.958865893164272398e-03
4.319999999999999535e-02 5.871035963374487965e-03
4.339999999999999414e-02 5.785506525949946077e-03
4.359999999999999293e-02 5.702193070063199531e-03
4.379999999999999866e-02 5.621009766134416052e-03
4.399999999999999745e-02 5.541876929113398464e-03
4.419999999999999624e-02 5.464706469438584957e-03
4.439999999999999503e-02 5.389463432840052581e-03
4.459999999999999382e-02 5.316042204448506725e-03
4.479999999999999261e-02 5.244389868013371592e-03
4.499999999999999833e-02 5.174444226465457763e-03
4.519999999999999712e-02 5.106145977896131560e-03
4.539999999999999591e-02 5.039438681281038779e-03
4.559999999999999470e-02 4.974268617916333124e-03
4.579999999999999349e-02 4.910582359764964488e-03
4.599999999999999922e-02 4.848333968794332760e-03
4.619999999999999801e-02 4.787473455526325417e-03
4.639999999999999680e-02 4.727956586378423420e-03
4.659999999999999559e-02 4.669739297073205453e-03
4.679999999999999438e-02 4.612782254030500795e-03
4.699999999999999317e-02 4.557044887967404145e-03
4.719999999999999890e-02 4.502489255727437634e-03
4.739999999999999769e-02 4.449078972185716019e-03
4.759999999999999648e-02 4.396779130536598856e-03
4.779999999999999527e-02 4.345556227529911997e-03
4.799999999999999406e-02 4.295378093188223501e-03
4.819999999999999285e-02 4.246213824768418910e-03
4.839999999999999858e-02 4.198033724633870589e-03
4.859999999999999737e-02 4.150809241739467081e-03
4.879999999999999616e-02 4.104512916599273309e-03
4.899999999999999495e-02 4.059118329331479202e-03
4.919999999999999374e-02 4.014600050674804743e-03
4.939999999999999253e-02 3.970933595841247277e-03
4.959999999999999826e-02 3.928095380867163700e-03
4.979999999999999705e-02 3.886062669209461307e-03
4.999999999999999584e-02 3.844813558656873242e-03
5.019999999999999463e-02 3.804326965685084216e-03
5.039999999999999342e-02 3.764582494099888432e-03
5.059999999999999221e-02 3.725560390574561564e-03
5.079999999999999793e-02 3.687241846010824720e-03
5.099999999999999672e-02 3.649608417561955864e-03
5.119999999999999551e-02 3.612642128801440977e-03
5.139999999999999430e-02 3.576327930934736221e-03
5.159999999999999309e-02 3.540646033646122071e-03
5.179999999999999882e-02 3.505582336405826949e-03
5.199999999999999761e-02 3.471121182429287577e-03
5.219999999999999640e-02 3.437247610710514323e-03
5.239999999999999519e-02 3.403947106956323188e-03
5.259999999999999398e-02 3.371205827787965292e-03
5.279999999999999277e-02 3.339010171224787715e-03
5.299999999999999850e-02 3.307345161635860675e-03
5.319999999999999729e-02 3.276201832840608397e-03
5.339999999999999608e-02 3.245568013252680961e-03
5.359999999999999487e-02 3.215427907493989546e-03
5.379999999999999366e-02 3.185771901704770315e-03
5.399999999999999245e-02 3.156588807282062481e-03
5.419999999999999818e-02 3.127892488681033312e-03
5.439999999999999697e-02 3.099598281447846215e-03
5.459999999999999576e-02 3.071770118443867270e-03
5.479999999999999455e-02 3.044373379812115310e-03
5.499999999999999334e-02 3.017398451041541918e-03
5.519999999999999213e-02 2.990835998500335213e-03
5.539999999999999786e-02 2.964676959254647359e-03
5.559999999999999665e-02 2.938912531348453205e-03
5.579999999999999544e-02 2.913534164486308864e-03
5.599999999999999423e-02 2.888532613982752739e-03
5.619999999999999302e-02 2.863901666603052565e-03
5.639999999999999181e-02 2.839632549741705203e-03
5.659999999999999754e-02 2.815718617832058124e-03
5.679999999999999633e-02 2.792150506167850876e-03
5.699999999999999512e-02 2.768921964543646919e-03
5.719999999999999390e-02 2.746025974458526919e-03
5.739999999999999269e-02 2.723455707285604710e-03
5.759999999999999842e-02 2.701204517975314134e-03
5.779999999999999721e-02 2.679265938897834598e-03
5.799999999999999600e-02 2.657633674005843716e-03
5.819999999999999479e-02 2.636301593171519464e-03
5.839999999999999358e-02 2.615263726786248855e-03
5.859999999999999237e-02 2.594514260564395602e-03
5.879999999999999810e-02 2.574047530508910553e-03
5.899999999999999689e-02 2.553858018127769247e-03
5.919999999999999568e-02 2.533940345822494056e-03
5.939999999999999447e-02 2.514289272395275887e-03
5.959999999999999326e-02 2.494899688793128512e-03
5.979999999999999205e-02 2.475766638321302837e-03
5.999999999999999778e-02 2.456885214308063281e-03
6.019999999999999657e-02 2.438250705217359648e-03
6.039999999999999536e-02 2.419858490816328978e-03
6.059999999999999415e-02 2.401704162222045857e-03
6.079999999999999294e-02 2.383783160555097425e-03
6.099999999999999173e-02 2.366091322005964281e-03
6.119999999999999746e-02 2.348624697217610580e-03
6.139999999999999625e-02 2.331377249756294567e-03
6.159999999999999504e-02 2.314348220568140935e-03
6.179999999999999383e-02 2.297531837660488074e-03
6.199999999999999262e-02 2.280924523850813568e-03
6.219999999999999141e-02 2.264522549157016451e-03
6.239999999999999714e-02 2.248322367825572599e-03
6.259999999999998899e-02 2.232320819400779310e-03
6.279999999999999472e-02 2.216513982810919270e-03
6.300000000000000044e-02 2.200898120050642781e-03
6.319999999999999230e-02 2.185470392350646884e-03
6.339999999999999802e-02 2.170227555540610309e-03
6.359999999999998987e-02 2.155166400954672268e-03
6.379999999999999560e-02 2.140283837365614117e-03
6.400000000000000133e-02 2.125576840028092773e-03
6.419999999999999318e-02 2.111017738108039721e-03
6.439999999999999891e-02 2.096677781545819297e-03
6.459999999999999076e-02 2.082480000613645688e-03
6.479999999999999649e-02 2.068446310307364699e-03
6.499999999999998834e-02 2.054574070212561443e-03
6.519999999999999407e-02 2.040860597432969659e-03
6.539999999999999980e-02 2.027303300295657529e-03
6.559999999999999165e-02 2.013899642293592862e-03
6.579999999999999738e-02 2.000647140641215183e-03
6.599999999999998923e-02 1.987545239065191538e-03
6.619999999999999496e-02 1.974587837788005507e-03
6.640000000000000069e-02 1.961774465014054503e-03
6.659999999999999254e-02 1.949100858773755718e-03
6.679999999999999827e-02 1.936568683053335738e-03
6.699999999999999012e-02 1.924173819688956844e-03
6.719999999999999585e-02 1.911914124969077422e-03
6.739999999999998770e-02 1.899787498806149166e-03
6.759999999999999343e-02 1.887791883635803192e-03
6.779999999999999916e-02 1.875925263351507777e-03
6.799999999999999101e-02 1.864185662271616861e-03
6.819999999999999674e-02 1.852571144149162130e-03
6.839999999999998859e-02 1.841092168115343597e-03
6.859999999999999432e-02 1.829709803120832534e-03
6.880000000000000004e-02 1.818459296244107071e-03
6.899999999999999190e-02 1.807326502611950048e-03
6.919999999999999762e-02 1.796309669076956439e-03
6.939999999999998948e-02 1.785407076525358239e-03
6.959999999999999520e-02 1.774617039024067866e-03
6.979999999999998705e-02 1.763937878708043971e-03
6.999999999999999278e-02 1.753368023369006323e-03
7.019999999999999851e-02 1.742905856747328786e-03
7.039999999999999036e-02 1.732549818001916098e-03
7.059999999999999609e-02 1.722298375735037412e-03
7.079999999999998794e-02 1.712150027326636570e-03
7.099999999999999367e-02 1.702103298258123010e-03
7.119999999999999940e-02 1.692156790633669861e-03
7.139999999999999125e-02 1.682308993118358798e-03
7.159999999999999698e-02 1.672558556817055342e-03
7.179999999999998883e-02 1.662904116840419055e-03
7.199999999999999456e-02 1.653344338662349200e-03
7.220000000000000029e-02 1.643877945374377925e-03
7.239999999999999214e-02 1.634503629838773842e-03
7.259999999999999787e-02 1.625219602083421977e-03
7.279999999999998972e-02 1.616025145732752355e-03
7.299999999999999545e-02 1.606919383909444221e-03
7.319999999999998730e-02 1.597900617760633635e-03
7.339999999999999303e-02 1.588967719135303547e-03
7.359999999999999876e-02 1.580119551221614849e-03
7.379999999999999061e-02 1.571354972058514043e-03
7.399999999999999634e-02 1.562672861886327258e-03
7.419999999999998819e-02 1.554072119500565785e-03
7.439999999999999392e-02 1.545551662430227902e-03
7.459999999999999964e-02 1.537110426712062772e-03
7.479999999999999150e-02 1.528747398852697836e-03
7.499999999999999722e-02 1.520461484709328959e-03
