0.000000000000000000e+00 0.000000000000000000e+00
9.999999999999999124e-05 1.655816951102431420e-02
1.999999999999999825e-04 2.552566876676335902e-02
2.999999999999999737e-04 3.107650100371254706e-02
3.999999999999999650e-04 3.493307009060699769e-02
5.000000000000000104e-04 3.781985831000941184e-02
5.999999999999999474e-04 4.009170307030950758e-02
6.999999999999998845e-04 4.194448118382749363e-02
7.999999999999999299e-04 4.349619195119084486e-02
8.999999999999999754e-04 4.482273416685486622e-02
1.000000000000000021e-03 4.597546734316653588e-02
1.099999999999999849e-03 4.699057685725257366e-02
1.199999999999999895e-03 4.789440887323257595e-02
1.299999999999999940e-03 4.870667533711058039e-02
1.399999999999999769e-03 4.944246719962935160e-02
1.499999999999999814e-03 5.011356651882770130e-02
1.599999999999999860e-03 5.072932909018965097e-02
1.699999999999999905e-03 5.129729472649888905e-02
1.799999999999999951e-03 5.182361929030242231e-02
1.899999999999999779e-03 5.231338703899236081e-02
2.000000000000000042e-03 5.277084067202125056e-02
2.099999999999999870e-03 5.319955334465098495e-02
2.199999999999999699e-03 5.360255992130912028e-02
2.299999999999999961e-03 5.398245735497850251e-02
2.399999999999999790e-03 5.434148344078316289e-02
2.499999999999999618e-03 5.468157870504796597e-02
2.599999999999999881e-03 5.500443565210756669e-02
2.699999999999999709e-03 5.531153846766294346e-02
2.799999999999999538e-03 5.560419508953028805e-02
2.899999999999999800e-03 5.588356438453111891e-02
2.999999999999999629e-03 5.615067296289041193e-02
3.099999999999999891e-03 5.640644270531386395e-02
3.199999999999999720e-03 5.665169604286926508e-02
3.299999999999999548e-03 5.688717330520865617e-02
3.399999999999999811e-03 5.711354231509627177e-02
3.499999999999999639e-03 5.733140735800107413e-02
3.599999999999999901e-03 5.754131681259443826e-02
3.699999999999999730e-03 5.774376969139106280e-02
3.799999999999999559e-03 5.793922126425510993e-02
3.899999999999999821e-03 5.812808757113546720e-02
4.000000000000000083e-03 5.831075138931787055e-02
4.099999999999999478e-03 5.848756225458340285e-02
4.199999999999999740e-03 5.865884353681857788e-02
4.300000000000000003e-03 5.882489303797554941e-02
4.399999999999999398e-03 5.898598608836423673e-02
4.499999999999999660e-03 5.914237763306083584e-02
4.599999999999999922e-03 5.929430416121826003e-02
4.699999999999999317e-03 5.944198540845360701e-02
4.799999999999999580e-03 5.958562587015838602e-02
4.899999999999999842e-03 5.972541615014988203e-02
4.999999999999999237e-03 5.986153417713577229e-02
5.099999999999999499e-03 5.999414623434952409e-02
5.199999999999999761e-03 6.012340800431583560e-02
5.299999999999999156e-03 6.024946538691520331e-02
5.399999999999999419e-03 6.037245529742675532e-02
5.499999999999999681e-03 6.049250638268357377e-02
5.599999999999999076e-03 6.060973963718686158e-02
5.699999999999999338e-03 6.072426901293746793e-02
5.799999999999999600e-03 6.083620289751769800e-02
5.899999999999999863e-03 6.094563977198156485e-02
5.999999999999999258e-03 6.105267829631984972e-02
6.099999999999999520e-03 6.115740805974326233e-02
6.199999999999999782e-03 6.125991476933694002e-02
6.299999999999999177e-03 6.136027961869924829e-02
6.399999999999999439e-03 6.145857959362954759e-02
6.499999999999999702e-03 6.155488775267374535e-02
6.599999999999999097e-03 6.164927348631580456e-02
6.699999999999999359e-03 6.174180274871628876e-02
6.799999999999999621e-03 6.183253828493361776e-02
6.899999999999999016e-03 6.192153982680680818e-02
6.999999999999999278e-03 6.200886428074834505e-02
7.099999999999999541e-03 6.209456590006759424e-02
7.199999999999999803e-03 6.217869644448715399e-02
7.299999999999999198e-03 6.226130532801374406e-02
7.399999999999999460e-03 6.234243975609279204e-02
7.499999999999999722e-03 6.242214485303248378e-02
7.599999999999999117e-03 6.250046378047315054e-02
7.699999999999999380e-03 6.257743778069352336e-02
7.799999999999999642e-03 6.265310627036357882e-02
7.899999999999999037e-03 6.272750807928283157e-02
8.000000000000000167e-03 6.280067834074977429e-02
8.099999999999999561e-03 6.287265241523951054e-02
8.199999999999998956e-03 6.294346379695356375e-02
8.300000000000000086e-03 6.301314457775818167e-02
8.399999999999999481e-03 6.308172560252171823e-02
8.499999999999998876e-03 6.314923654761583904e-02
8.600000000000000006e-03 6.321570594275446875e-02
8.699999999999999400e-03 6.328116123659109638e-02
8.799999999999998795e-03 6.334562884971962904e-02
8.899999999999999925e-03 6.340913422450819570e-02
8.999999999999999320e-03 6.347170187197911928e-02
9.099999999999998715e-03 6.353335541594234970e-02
9.199999999999999845e-03 6.359411763456389310e-02
9.299999999999999239e-03 6.365401049957040980e-02
9.399999999999998634e-03 6.371305521320745624e-02
9.499999999999999764e-03 6.377127224314044218e-02
9.599999999999999159e-03 6.382868135542360544e-02
9.699999999999998554e-03 6.388530164563552272e-02
9.799999999999999684e-03 6.394115156834254132e-02
9.899999999999999079e-03 6.399624896498148918e-02
9.999999999999998473e-03 6.405061110190997387e-02
1.009999999999999960e-02 6.410425464757324443e-02
1.019999999999999900e-02 6.415719576947441494e-02
1.029999999999999839e-02 6.420945010689291244e-02
1.039999999999999952e-02 6.426103280484368740e-02
1.049999999999999892e-02 6.431195853431430354e-02
1.059999999999999831e-02 6.436224151148565997e-02
1.069999999999999944e-02 6.441189551601544938e-02
1.079999999999999884e-02 6.446093390838660009e-02
1.089999999999999823e-02 6.450936965140510737e-02
1.099999999999999936e-02 6.455721530881504411e-02
1.109999999999999876e-02 6.460448308197858092e-02
1.119999999999999815e-02 6.465118481219113422e-02
1.129999999999999928e-02 6.469733199664051693e-02
1.139999999999999868e-02 6.474293580137951976e-02
1.149999999999999981e-02 6.478800801077942706e-02
1.159999999999999920e-02 6.483255731867525185e-02
1.169999999999999860e-02 6.487659388638479518e-02
1.179999999999999973e-02 6.492012963093111988e-02
1.189999999999999912e-02 6.496317327234402139e-02
1.199999999999999852e-02 6.500573423061473122e-02
1.209999999999999964e-02 6.504782167023595574e-02
1.219999999999999904e-02 6.508944450917665547e-02
1.229999999999999843e-02 6.513061142749115850e-02
1.239999999999999956e-02 6.517133087551967019e-02
1.249999999999999896e-02 6.521161108177973842e-02
1.259999999999999835e-02 6.525146006050701331e-02
1.269999999999999948e-02 6.529088561888488074e-02
1.279999999999999888e-02 6.532989536397484920e-02
1.289999999999999827e-02 6.536849670935748757e-02
1.299999999999999940e-02 6.540669688152524197e-02
1.309999999999999880e-02 6.544450292597343843e-02
1.319999999999999819e-02 6.548192171441309661e-02
1.329999999999999932e-02 6.551895994500187004e-02
1.339999999999999872e-02 6.555562415600554860e-02
1.349999999999999811e-02 6.559192072541809859e-02
1.359999999999999924e-02 6.562785587737163251e-02
1.369999999999999864e-02 6.566343568696149380e-02
1.379999999999999803e-02 6.569866608484271897e-02
1.389999999999999916e-02 6.573355286169356437e-02
1.399999999999999856e-02 6.576810167249003136e-02
1.409999999999999795e-02 6.580231804062393330e-02
1.419999999999999908e-02 6.583620736186757139e-02
1.429999999999999848e-02 6.586977490818736458e-02
1.439999999999999961e-02 6.590302583143879678e-02
1.449999999999999900e-02 6.593596516688536580e-02
1.459999999999999840e-02 6.596859783662985255e-02
1.469999999999999953e-02 6.600092865290307920e-02
1.479999999999999892e-02 6.603296232123899434e-02
1.489999999999999832e-02 6.606470344353677915e-02
1.499999999999999944e-02 6.609615652101152872e-02
1.509999999999999884e-02 6.612732595706066752e-02
1.519999999999999823e-02 6.615821605999346045e-02
1.529999999999999936e-02 6.618883099652971003e-02
1.539999999999999876e-02 6.621917497331022973e-02
1.549999999999999815e-02 6.624925196520735360e-02
1.559999999999999928e-02 6.627906578184847297e-02
1.569999999999999868e-02 6.630862131388200187e-02
1.579999999999999807e-02 6.633792071325959883e-02
1.589999999999999747e-02 6.636696862805317731e-02
1.600000000000000033e-02 6.639576857582242531e-02
1.609999999999999973e-02 6.642432410421063305e-02
1.619999999999999912e-02 6.645263866674422371e-02
1.629999999999999852e-02 6.648071574899912239e-02
1.639999999999999791e-02 6.650855866437246910e-02
1.649999999999999731e-02 6.653617069699131747e-02
1.660000000000000017e-02 6.656355507875437449e-02
1.669999999999999957e-02 6.659071494294671600e-02
1.679999999999999896e-02 6.661765339447858758e-02
1.689999999999999836e-02 6.664437346749459146e-02
1.699999999999999775e-02 6.667087813749651704e-02
1.709999999999999715e-02 6.669718267973846759e-02
1.720000000000000001e-02 6.672325288603547788e-02
1.729999999999999941e-02 6.674912863536268393e-02
1.739999999999999880e-02 6.677480032596716519e-02
1.749999999999999820e-02 6.680027066127447455e-02
1.759999999999999759e-02 6.682554229422489611e-02
1.769999999999999699e-02 6.685061782848791823e-02
1.779999999999999985e-02 6.687549981965174029e-02
1.789999999999999925e-02 6.690019077636405465e-02
1.799999999999999864e-02 6.692469316144890323e-02
1.809999999999999803e-02 6.694900939299401610e-02
1.819999999999999743e-02 6.697314184539193693e-02
1.829999999999999682e-02 6.699709285036632711e-02
1.839999999999999969e-02 6.702086469795950907e-02
1.849999999999999908e-02 6.704445963750313431e-02
1.859999999999999848e-02 6.706787987854219424e-02
1.869999999999999787e-02 6.709112759175155094e-02
1.879999999999999727e-02 6.711420490981782894e-02
1.889999999999999666e-02 6.713711392829591063e-02
1.899999999999999953e-02 6.715985670645380212e-02
1.909999999999999892e-02 6.718243526807052279e-02
1.919999999999999832e-02 6.720485160223527155e-02
1.929999999999999771e-02 6.722710766411339744e-02
1.939999999999999711e-02 6.724920537569376022e-02
1.949999999999999997e-02 6.727114662651312305e-02
1.959999999999999937e-02 6.729293327437485539e-02
1.969999999999999876e-02 6.731456714602152003e-02
1.979999999999999816e-02 6.733605003781568954e-02
1.989999999999999755e-02 6.735738372856511780e-02
1.999999999999999695e-02 6.737856993096169589e-02
2.009999999999999981e-02 6.739961036669575578e-02
2.019999999999999921e-02 6.742050671695352937e-02
2.029999999999999860e-02 6.744126063564434559e-02
2.039999999999999800e-02 6.746187374995471497e-02
2.049999999999999739e-02 6.748234766091706915e-02
2.059999999999999679e-02 6.750268394394988436e-02
2.069999999999999965e-02 6.752288414938667493e-02
2.079999999999999905e-02 6.754294980299173357e-02
2.089999999999999844e-02 6.756288240646278476e-02
2.099999999999999784e-02 6.758268343792106503e-02
2.109999999999999723e-02 6.760235435238565183e-02
2.119999999999999662e-02 6.762189658225328803e-02
2.129999999999999949e-02 6.764131153773234040e-02
2.139999999999999888e-02 6.766060060729955916e-02
2.149999999999999828e-02 6.767976515812899885e-02
2.159999999999999767e-02 6.769880653651393076e-02
2.169999999999999707e-02 6.771772607193382587e-02
2.179999999999999646e-02 6.773652506414144792e-02
2.189999999999999933e-02 6.775520480160961145e-02
2.199999999999999872e-02 6.777376655112593573e-02
2.209999999999999812e-02 6.779221156055466324e-02
2.219999999999999751e-02 6.781054105921667519e-02
2.229999999999999691e-02 6.782875625822278043e-02
2.239999999999999630e-02 6.784685835083627270e-02
2.249999999999999917e-02 6.786484851280868980e-02
2.259999999999999856e-02 6.788272790271147883e-02
2.269999999999999796e-02 6.790049766225984829e-02
2.279999999999999735e-02 6.791815891662911220e-02
2.289999999999999675e-02 6.793571277476395665e-02
2.299999999999999961e-02 6.795316126677868052e-02
2.309999999999999901e-02 6.797050360993928120e-02
2.319999999999999840e-02 6.798774178888601638e-02
2.329999999999999780e-02 6.800487587249538779e-02
2.339999999999999719e-02 6.802190883631485663e-02
2.349999999999999659e-02 6.803884073316526782e-02
2.359999999999999945e-02 6.805567256646045948e-02
2.369999999999999885e-02 6.807240532561700808e-02
2.379999999999999824e-02 6.808903998630609633e-02
2.389999999999999764e-02 6.810557751069980237e-02
2.399999999999999703e-02 6.812201884771194871e-02
2.409999999999999643e-02 6.813836493323380261e-02
2.419999999999999929e-02 6.815461669036439185e-02
2.429999999999999868e-02 6.817077502963603264e-02
2.439999999999999808e-02 6.818684084923068434e-02
2.449999999999999747e-02 6.820281503521283262e-02
2.459999999999999687e-02 6.821869846171553509e-02
2.469999999999999626e-02 6.823449199116365937e-02
2.479999999999999913e-02 6.825019647447219673e-02
2.489999999999999852e-02 6.826581275124433967e-02
2.499999999999999792e-02 6.828134164996517430e-02
2.509999999999999731e-02 6.829678398819186147e-02
2.519999999999999671e-02 6.831214057273903018e-02
2.529999999999999610e-02 6.832741219986115944e-02
2.539999999999999897e-02 6.834259965543047766e-02
2.549999999999999836e-02 6.835770371511165622e-02
2.559999999999999776e-02 6.837272514453258954e-02
2.569999999999999715e-02 6.838766469944752846e-02
2.579999999999999655e-02 6.840252312591818540e-02
2.589999999999999941e-02 6.841730116044919541e-02
2.599999999999999881e-02 6.843199953016193549e-02
2.609999999999999820e-02 6.844661895294470999e-02
2.619999999999999760e-02 6.846116013760404628e-02
2.629999999999999699e-02 6.847562378401245153e-02
2.639999999999999639e-02 6.849001058457826474e-02
2.649999999999999925e-02 6.850432121903937688e-02
2.659999999999999865e-02 6.851855636269743588e-02
2.669999999999999804e-02 6.853271668111238224e-02
2.679999999999999744e-02 6.854680283160771714e-02
2.689999999999999683e-02 6.856081546340189736e-02
2.699999999999999623e-02 6.857475521773717664e-02
2.709999999999999909e-02 6.858862272800136939e-02
2.719999999999999848e-02 6.860241861986909884e-02
2.729999999999999788e-02 6.861614351139753987e-02
2.739999999999999727e-02 6.862979801316254624e-02
2.749999999999999667e-02 6.864338272837107457e-02
2.759999999999999606e-02 6.865689825297593973e-02
2.769999999999999893e-02 6.867034517578814168e-02
2.779999999999999832e-02 6.868372407858717998e-02
2.789999999999999772e-02 6.869703553622927283e-02
2.799999999999999711e-02 6.871028011675334168e-02
2.809999999999999651e-02 6.872345838148533059e-02
2.819999999999999590e-02 6.873657088514047164e-02
2.829999999999999877e-02 6.874961817592328828e-02
2.839999999999999816e-02 6.876260079562647454e-02
2.849999999999999756e-02 6.877551927972287704e-02
2.859999999999999695e-02 6.878837415747707240e-02
2.869999999999999635e-02 6.880116595201413165e-02
2.879999999999999921e-02 6.881389518042686781e-02
2.889999999999999861e-02 6.882656235386169774e-02
2.899999999999999800e-02 6.883916797760668282e-02
2.909999999999999740e-02 6.885171255117804312e-02
2.919999999999999679e-02 6.886419656840508940e-02
2.929999999999999619e-02 6.887662051751357317e-02
2.939999999999999905e-02 6.888898488120762109e-02
2.949999999999999845e-02 6.890129013675019842e-02
2.959999999999999784e-02 6.891353675604205975e-02
2.969999999999999724e-02 6.892572520569928418e-02
2.979999999999999663e-02 6.893785594712965870e-02
2.989999999999999603e-02 6.894992943660367690e-02
2.999999999999999889e-02 6.896194612534289892e-02
3.009999999999999828e-02 6.897390645957041100e-02
3.019999999999999768e-02 6.898581088059610456e-02
3.029999999999999707e-02 6.899765982488301197e-02
3.039999999999999647e-02 6.900945372411577960e-02
3.049999999999999586e-02 6.902119300526809997e-02
3.059999999999999873e-02 6.903287804149600693e-02
3.069999999999999812e-02 6.904450934163311460e-02
3.079999999999999752e-02 6.905608727378051426e-02
3.089999999999999691e-02 6.906761224318264114e-02
3.099999999999999631e-02 6.907908464535965354e-02
3.109999999999999570e-02 6.909050483836397250e-02
3.119999999999999857e-02 6.910187323009395199e-02
3.129999999999999449e-02 6.911319073047873796e-02
3.139999999999999736e-02 6.912445719719402526e-02
3.150000000000000022e-02 6.913567265863643230e-02
3.159999999999999615e-02 6.914683799112882057e-02
3.169999999999999901e-02 6.915795350763818961e-02
3.179999999999999494e-02 6.916901956608163815e-02
3.189999999999999780e-02 6.918003652931355163e-02
3.200000000000000067e-02 6.919100475896809710e-02
3.209999999999999659e-02 6.920192461390139993e-02
3.219999999999999946e-02 6.921279644969381695e-02
3.229999999999999538e-02 6.922362061847632531e-02
3.239999999999999825e-02 6.923439743662693213e-02
3.249999999999999417e-02 6.924512731555768075e-02
3.259999999999999704e-02 6.925581056244768663e-02
3.269999999999999990e-02 6.926644751553415191e-02
3.279999999999999583e-02 6.927703850961319798e-02
3.289999999999999869e-02 6.928758387607990288e-02
3.299999999999999462e-02 6.929808394296986529e-02
3.309999999999999748e-02 6.930853903499782642e-02
3.320000000000000034e-02 6.931894948650686727e-02
3.329999999999999627e-02 6.932931559149502210e-02
3.339999999999999913e-02 6.933963767669247547e-02
3.349999999999999506e-02 6.934991605405428639e-02
3.359999999999999792e-02 6.936015103244273783e-02
3.369999999999999385e-02 6.937034291765482863e-02
3.379999999999999671e-02 6.938049201246905551e-02
3.389999999999999958e-02 6.939059861668224471e-02
3.399999999999999550e-02 6.940066302714699431e-02
3.409999999999999837e-02 6.941068553780900541e-02
3.419999999999999429e-02 6.942067879666562191e-02
3.429999999999999716e-02 6.943060602119156821e-02
3.440000000000000002e-02 6.944050456759728873e-02
3.449999999999999595e-02 6.945036236163878995e-02
3.459999999999999881e-02 6.946017968326538561e-02
3.469999999999999474e-02 6.946995680973237774e-02
3.479999999999999760e-02 6.947969401563157399e-02
3.489999999999999353e-02 6.948939157292619018e-02
3.499999999999999639e-02 6.949904975098424031e-02
3.509999999999999926e-02 6.950866881660694441e-02
3.519999999999999518e-02 6.951824903406320089e-02
3.529999999999999805e-02 6.952779066511824424e-02
3.539999999999999397e-02 6.953729396906885296e-02
3.549999999999999684e-02 6.954675920276665035e-02
3.559999999999999970e-02 6.955618662065213287e-02
3.569999999999999563e-02 6.956557647478271711e-02
3.579999999999999849e-02 6.957492901486149461e-02
3.589999999999999442e-02 6.958424448826387720e-02
3.599999999999999728e-02 6.959352314007180573e-02
3.610000000000000014e-02 6.960276521309186060e-02
3.619999999999999607e-02 6.961197094788866557e-02
3.629999999999999893e-02 6.962114058280964579e-02
3.639999999999999486e-02 6.963027435401186738e-02
3.649999999999999772e-02 6.963937249548746156e-02
3.659999999999999365e-02 6.964843523908935408e-02
3.669999999999999651e-02 6.965746281455445499e-02
3.679999999999999938e-02 6.966645544953638247e-02
3.689999999999999530e-02 6.967541336961796672e-02
3.699999999999999817e-02 6.968433679834346028e-02
3.709999999999999409e-02 6.969322595724004865e-02
3.719999999999999696e-02 6.970208106584142860e-02
3.729999999999999982e-02 6.971090234171080369e-02
3.739999999999999575e-02 6.971969000046372711e-02
3.749999999999999861e-02 6.972844425579050043e-02
3.759999999999999454e-02 6.973716531947815600e-02
3.769999999999999740e-02 6.974585340143028833e-02
3.779999999999999333e-02 6.975450870969729378e-02
3.789999999999999619e-02 6.976313145048439190e-02
3.799999999999999906e-02 6.977172182818117130e-02
3.809999999999999498e-02 6.978028004538007478e-02
3.819999999999999785e-02 6.978880630289691078e-02
3.829999999999999377e-02 6.979730079979060142e-02
3.839999999999999664e-02 6.980576373338323592e-02
3.849999999999999950e-02 6.981419529927938850e-02
3.859999999999999543e-02 6.982259569138536681e-02
3.869999999999999829e-02 6.983096510192832174e-02
3.879999999999999422e-02 6.983930372147476029e-02
3.889999999999999708e-02 6.984761173894908637e-02
3.899999999999999994e-02 6.985588934164901898e-02
3.909999999999999587e-02 6.986413671527472169e-02
3.919999999999999873e-02 6.987235404392987126e-02
3.929999999999999466e-02 6.988054151015010707e-02
3.939999999999999752e-02 6.988869929491756117e-02
3.949999999999999345e-02 6.989682757767784471e-02
3.959999999999999631e-02 6.990492653635686782e-02
3.969999999999999918e-02 6.991299634737743740e-02
3.979999999999999510e-02 6.992103719785039417e-02
3.989999999999999797e-02 6.992904923664818029e-02
3.999999999999999389e-02 6.993703264818815213e-02
4.009999999999999676e-02 6.994498760304147800e-02
4.019999999999999962e-02 6.995291427035592313e-02
4.029999999999999555e-02 6.996081281787067119e-02
4.039999999999999841e-02 6.996868341192871710e-02
4.049999999999999434e-02 6.997652621750377611e-02
4.059999999999999720e-02 6.998434139819695310e-02
4.069999999999999313e-02 6.999212911626306877e-02
4.079999999999999599e-02 6.999988953262213653e-02
4.089999999999999886e-02 7.000762280687343464e-02
4.099999999999999478e-02 7.001532909730935617e-02
4.109999999999999765e-02 7.002300856092948111e-02
4.119999999999999357e-02 7.003066135345366316e-02
4.129999999999999644e-02 7.003828762933599072e-02
4.139999999999999930e-02 7.004588754177762389e-02
4.149999999999999523e-02 7.005346124273997832e-02
4.159999999999999809e-02 7.006100888295779816e-02
4.169999999999999402e-02 7.006853061195161825e-02
4.179999999999999688e-02 7.007602657804049007e-02
4.189999999999999974e-02 7.008349692835438849e-02
4.199999999999999567e-02 7.009094180884654912e-02
4.209999999999999853e-02 7.009836136430197540e-02
4.219999999999999446e-02 7.010575573836315411e-02
4.229999999999999732e-02 7.011312507352135404e-02
4.239999999999999325e-02 7.012046951114229987e-02
4.249999999999999611e-02 7.012778919147345802e-02
4.259999999999999898e-02 7.013508425365609644e-02
4.269999999999999490e-02 7.014235483573637298e-02
4.279999999999999777e-02 7.014960107467620165e-02
4.289999999999999369e-02 7.015682310636431329e-02
4.299999999999999656e-02 7.016402106562727448e-02
4.309999999999999942e-02 7.017119508623986812e-02
4.319999999999999535e-02 7.017834530093552958e-02
4.329999999999999821e-02 7.018547184141765705e-02
4.339999999999999414e-02 7.019257484202381936e-02
4.349999999999999700e-02 7.019965442576389658e-02
4.359999999999999293e-02 7.020671072432826954e-02
4.369999999999999579e-02 7.021374386539876167e-02
4.379999999999999866e-02 7.022075397567671684e-02
4.389999999999999458e-02 7.022774118089286643e-02
4.399999999999999745e-02 7.023470560581657196e-02
4.409999999999999337e-02 7.024164737426158434e-02
4.419999999999999624e-02 7.024856660911057982e-02
4.429999999999999910e-02 7.025546343230194835e-02
4.439999999999999503e-02 7.026233796485355232e-02
4.449999999999999789e-02 7.026919032686812505e-02
4.459999999999999382e-02 7.027602063754254114e-02
4.469999999999999668e-02 7.028282901517574066e-02
4.479999999999999261e-02 7.028961557717854081e-02
4.489999999999999547e-02 7.029638044008108821e-02
4.499999999999999833e-02 7.030312371954242079e-02
4.509999999999999426e-02 7.030984553035797557e-02
4.519999999999999712e-02 7.031654598646817911e-02
4.529999999999999305e-02 7.032322520096709328e-02
4.539999999999999591e-02 7.032988328610938200e-02
4.549999999999999878e-02 7.033652035331999786e-02
4.559999999999999470e-02 7.034313651320023286e-02
4.569999999999999757e-02 7.034973187553685003e-02
4.579999999999999349e-02 7.035630654930927208e-02
4.589999999999999636e-02 7.036286064269735296e-02
4.599999999999999922e-02 7.036939520018713201e-02
4.609999999999999515e-02 7.037590846127592115e-02
4.619999999999999801e-02 7.038240146169535971e-02
4.629999999999999394e-02 7.038887430649921895e-02
4.639999999999999680e-02 7.039532709997871340e-02
4.649999999999999273e-02 7.040175994566948148e-02
4.659999999999999559e-02 7.040817196827643676e-02
4.669999999999999846e-02 7.041456521955857806e-02
4.679999999999999438e-02 7.042093882930863802e-02
4.689999999999999725e-02 7.042729289811106019e-02
4.699999999999999317e-02 7.043362752582954522e-02
4.709999999999999604e-02 7.043994281161282400e-02
4.719999999999999890e-02 7.044623885390162432e-02
4.729999999999999483e-02 7.045251575043552650e-02
4.739999999999999769e-02 7.045877359825869490e-02
4.749999999999999362e-02 7.046501249372662257e-02
4.759999999999999648e-02 7.047123253251266761e-02
4.769999999999999241e-02 7.047743380961356274e-02
4.779999999999999527e-02 7.048361641935631250e-02
4.789999999999999813e-02 7.048978045540366111e-02
4.799999999999999406e-02 7.049592601076050402e-02
4.809999999999999692e-02 7.050205317777986924e-02
4.819999999999999285e-02 7.050816204816826027e-02
4.829999999999999571e-02 7.051425271299213704e-02
4.839999999999999858e-02 7.052032526268317558e-02
4.849999999999999450e-02 7.052637978704430488e-02
4.859999999999999737e-02 7.053241637525506369e-02
4.869999999999999329e-02 7.053843511587290505e-02
4.879999999999999616e-02 7.054443609685595584e-02
4.889999999999999902e-02 7.055041940554276914e-02
4.899999999999999495e-02 7.055638512867473677e-02
4.909999999999999781e-02 7.056233335239733839e-02
4.919999999999999374e-02 7.056826416226504028e-02
4.929999999999999660e-02 7.057417764324672160e-02
4.939999999999999253e-02 7.058007387973108671e-02
4.949999999999999539e-02 7.058595295553116156e-02
4.959999999999999826e-02 7.059181495388962280e-02
4.969999999999999418e-02 7.059765995748421008e-02
4.979999999999999705e-02 7.060348804843190329e-02
4.989999999999999297e-02 7.060929930829436263e-02
4.999999999999999584e-02 7.061509381808261931e-02
5.009999999999999870e-02 7.062087165826196056e-02
5.019999999999999463e-02 7.062663290875584310e-02
5.029999999999999749e-02 7.063237764895226312e-02
5.039999999999999342e-02 7.063810595770646239e-02
5.049999999999999628e-02 7.064381791334697902e-02
5.059999999999999221e-02 7.064951359367926953e-02
5.069999999999999507e-02 7.065519307599096854e-02
5.079999999999999793e-02 7.066085643705539987e-02
5.089999999999999386e-02 7.066650375313675292e-02
5.099999999999999672e-02 7.067213509999413501e-02
5.109999999999999265e-02 7.067775055288595676e-02
5.119999999999999551e-02 7.068335018657377622e-02
5.129999999999999838e-02 7.068893407532307605e-02
5.139999999999999430e-02 7.069450229292342791e-02
5.149999999999999717e-02 7.070005491266798114e-02
5.159999999999999309e-02 7.070559200737414063e-02
5.169999999999999596e-02 7.071111364938358068e-02
5.179999999999999882e-02 7.071661991056593655e-02
5.189999999999999475e-02 7.072211086232271793e-02
5.199999999999999761e-02 7.072758657559151396e-02
5.209999999999999354e-02 7.073304712084996226e-02
5.219999999999999640e-02 7.073849256811938491e-02
5.229999999999999233e-02 7.074392298696856318e-02
5.239999999999999519e-02 7.074933844651730419e-02
5.249999999999999806e-02 7.075473901544040989e-02
5.259999999999999398e-02 7.076012476197164613e-02
5.269999999999999685e-02 7.076549575525560576e-02
5.279999999999999277e-02 7.077085205993283168e-02
5.289999999999999564e-02 7.077619374430658972e-02
5.299999999999999850e-02 7.078152087488076560e-02
5.309999999999999443e-02 7.078683351773637500e-02
5.319999999999999729e-02 7.079213173853443619e-02
5.329999999999999322e-02 7.079741560251913424e-02
5.339999999999999608e-02 7.080268517452126265e-02
5.349999999999999201e-02 7.080794051896265040e-02
5.359999999999999487e-02 7.081318169985770239e-02
5.369999999999999774e-02 7.081840878081822888e-02
5.379999999999999366e-02 7.082362182505556880e-02
5.389999999999999653e-02 7.082882089538529435e-02
5.399999999999999245e-02 7.083400605422855711e-02
5.409999999999999531e-02 7.083917736361233786e-02
5.419999999999999818e-02 7.084433488518915301e-02
5.429999999999999410e-02 7.084947868021475303e-02
5.439999999999999697e-02 7.085460880956820362e-02
5.449999999999999289e-02 7.085972533374984561e-02
5.459999999999999576e-02 7.086482831288669348e-02
5.469999999999999862e-02 7.086991780673247698e-02
5.479999999999999455e-02 7.087499387467188772e-02
5.489999999999999741e-02 7.088005657572407636e-02
5.499999999999999334e-02 7.088510596854583068e-02
5.509999999999999620e-02 7.089014211143154776e-02
5.519999999999999213e-02 7.089516506232018678e-02
5.529999999999999499e-02 7.090017487879481106e-02
5.539999999999999786e-02 7.090517161808727875e-02
5.549999999999999378e-02 7.091015533708000529e-02
5.559999999999999665e-02 7.091512609230959940e-02
5.569999999999999257e-02 7.092008393996875049e-02
5.579999999999999544e-02 7.092502893590894864e-02
5.589999999999999830e-02 7.092996113564353777e-02
5.599999999999999423e-02 7.093488059435013038e-02
5.609999999999999709e-02 7.093978736687388265e-02
5.619999999999999302e-02 7.094468150772917370e-02
5.629999999999999588e-02 7.094956307110175664e-02
5.639999999999999181e-02 7.095443211085321333e-02
5.649999999999999467e-02 7.095928868052173155e-02
5.659999999999999754e-02 7.096413283332465849e-02
5.669999999999999346e-02 7.096896462216230328e-02
5.679999999999999633e-02 7.097378409961915824e-02
5.689999999999999225e-02 7.097859131796219190e-02
5.699999999999999512e-02 7.098338632916062485e-02
5.709999999999999798e-02 7.098816918486301752e-02
5.719999999999999390e-02 7.099293993641549172e-02
5.729999999999999677e-02 7.099769863486130039e-02
5.739999999999999269e-02 7.100244533094195176e-02
5.749999999999999556e-02 7.100718007510108121e-02
5.759999999999999842e-02 7.101190291748354921e-02
5.769999999999999435e-02 7.101661390794129780e-02
5.779999999999999721e-02 7.102131309603391951e-02
5.789999999999999314e-02 7.102600053102958721e-02
5.799999999999999600e-02 7.103067626191068851e-02
5.809999999999999193e-02 7.103534033737265996e-02
5.819999999999999479e-02 7.103999280582690146e-02
5.829999999999999766e-02 7.104463371540421790e-02
5.839999999999999358e-02 7.104926311395588778e-02
5.849999999999999645e-02 7.105388104905588365e-02
5.859999999999999237e-02 7.105848756800288435e-02
5.869999999999999524e-02 7.106308271782270369e-02
5.879999999999999810e-02 7.106766654526908145e-02
5.889999999999999403e-02 7.107223909682848506e-02
5.899999999999999689e-02 7.107680041871783372e-02
5.909999999999999282e-02 7.108135055689089599e-02
5.919999999999999568e-02 7.108588955703795675e-02
5.929999999999999161e-02 7.109041746458685807e-02
5.939999999999999447e-02 7.109493432470649632e-02
5.949999999999999734e-02 7.109944018231018070e-02
5.959999999999999326e-02 7.110393508205312130e-02
5.969999999999999613e-02 7.110841906833810511e-02
5.979999999999999205e-02 7.111289218531172129e-02
5.989999999999999492e-02 7.111735447688309619e-02
5.999999999999999778e-02 7.112180598670017617e-02
6.009999999999999371e-02 7.112624675816975328e-02
6.019999999999999657e-02 7.113067683445357947e-02
6.029999999999999249e-02 7.113509625846993478e-02
6.039999999999999536e-02 7.113950507289691638e-02
6.049999999999999128e-02 7.114390332017345164e-02
6.059999999999999415e-02 7.114829104249943692e-02
6.069999999999999701e-02 7.115266828184071968e-02
6.079999999999999294e-02 7.115703507992725274e-02
6.089999999999999580e-02 7.116139147825836786e-02
6.099999999999999173e-02 7.116573751810070791e-02
6.109999999999999459e-02 7.117007319417133215e-02
6.119999999999999746e-02 7.117439863707196446e-02
6.129999999999999338e-02 7.117871384344559571e-02
6.139999999999999625e-02 7.118301885351252523e-02
6.149999999999999217e-02 7.118731370721365082e-02
6.159999999999999504e-02 7.119159844428432637e-02
6.169999999999999790e-02 7.119587310362569810e-02
6.179999999999999383e-02 7.120013772430872079e-02
6.189999999999999669e-02 7.120439234416499341e-02
6.199999999999999262e-02 7.120863699968542349e-02
6.209999999999999548e-02 7.121287172400590781e-02
6.219999999999999141e-02 7.121709653993772704e-02
6.229999999999999427e-02 7.122131141965018508e-02
6.239999999999999714e-02 7.122551666531215520e-02
6.249999999999999306e-02 7.122971170372534300e-02
6.259999999999998899e-02 7.123389819895560582e-02
6.269999999999999185e-02 7.123807475337402828e-02
6.279999999999999472e-02 7.124224091261772973e-02
6.289999999999999758e-02 7.124639760007361877e-02
6.300000000000000044e-02 7.125054474961659001e-02
6.309999999999998943e-02 7.125468237422247220e-02
6.319999999999999230e-02 7.125881050202777234e-02
6.329999999999999516e-02 7.126292916566383251e-02
6.339999999999999802e-02 7.126703839939917129e-02
6.350000000000000089e-02 7.127113823814344717e-02
6.359999999999998987e-02 7.127522871704132512e-02
6.369999999999999274e-02 7.127930987128273943e-02
6.379999999999999560e-02 7.128338173600586025e-02
6.389999999999999847e-02 7.128744434624947890e-02
6.400000000000000133e-02 7.129149773691749459e-02
6.409999999999999032e-02 7.129554194277029633e-02
6.419999999999999318e-02 7.129957699840727692e-02
6.429999999999999605e-02 7.130360293826248919e-02
6.439999999999999891e-02 7.130761979660150962e-02
6.449999999999998790e-02 7.131162760752268737e-02
6.459999999999999076e-02 7.131562640494602812e-02
6.469999999999999363e-02 7.131961622262571188e-02
6.479999999999999649e-02 7.132359706188531878e-02
6.489999999999999936e-02 7.132756902158698953e-02
6.499999999999998834e-02 7.133153210164203117e-02
6.509999999999999121e-02 7.133548633512828974e-02
6.519999999999999407e-02 7.133943175494318611e-02
6.529999999999999694e-02 7.134336839381526241e-02
6.539999999999999980e-02 7.134729628430189208e-02
6.549999999999998879e-02 7.135121545879216653e-02
6.559999999999999165e-02 7.135512594950699228e-02
6.569999999999999452e-02 7.135902778849899375e-02
6.579999999999999738e-02 7.136292100765460888e-02
6.590000000000000024e-02 7.136680563869818306e-02
6.599999999999998923e-02 7.137068171318465548e-02
6.609999999999999210e-02 7.137454926250823284e-02
6.619999999999999496e-02 7.137840831790380480e-02
6.629999999999999782e-02 7.138225891043768756e-02
6.640000000000000069e-02 7.138610108393357578e-02
6.649999999999998967e-02 7.138993484408250045e-02
6.659999999999999254e-02 7.139376023372424884e-02
6.669999999999999540e-02 7.139757728330972664e-02
6.679999999999999827e-02 7.140138602312798288e-02
6.689999999999998725e-02 7.140518648332359886e-02
6.699999999999999012e-02 7.140897869387742569e-02
6.709999999999999298e-02 7.141276268463103705e-02
6.719999999999999585e-02 7.141653848526417769e-02
6.729999999999999871e-02 7.142030612531166667e-02
6.739999999999998770e-02 7.142406563415816534e-02
6.749999999999999056e-02 7.142781704104156359e-02
6.759999999999999343e-02 7.143156037505034306e-02
6.769999999999999629e-02 7.143529566512603346e-02
6.779999999999999916e-02 7.143902294006740372e-02
6.789999999999998814e-02 7.144274222852989298e-02
6.799999999999999101e-02 7.144645355902363992e-02
6.809999999999999387e-02 7.145015695991582816e-02
6.819999999999999674e-02 7.145385245943337849e-02
6.829999999999999960e-02 7.145754008566400362e-02
6.839999999999998859e-02 7.146123222347135207e-02
6.849999999999999145e-02 7.146489182989962385e-02
6.859999999999999432e-02 7.146855600338432313e-02
6.869999999999999718e-02 7.147221241453712015e-02
6.880000000000000004e-02 7.147586109075079741e-02
6.889999999999998903e-02 7.147950205928890743e-02
6.899999999999999190e-02 7.148313534727834817e-02
6.909999999999999476e-02 7.148676098171018178e-02
6.919999999999999762e-02 7.149037898944457514e-02
6.930000000000000049e-02 7.149398939720889856e-02
6.939999999999998948e-02 7.149759223160481736e-02
6.949999999999999234e-02 7.150118751909173564e-02
6.959999999999999520e-02 7.150477528601166533e-02
6.969999999999999807e-02 7.150835555857391890e-02
6.979999999999998705e-02 7.151192836285676091e-02
6.989999999999998992e-02 7.151549372481666444e-02
6.999999999999999278e-02 7.151905167028026200e-02
7.009999999999999565e-02 7.152260222494681574e-02
7.019999999999999851e-02 7.152614541440108220e-02
7.029999999999998750e-02 7.152968126408998373e-02
7.039999999999999036e-02 7.153320979934335577e-02
7.049999999999999323e-02 7.153673104537720817e-02
7.059999999999999609e-02 7.154024502726984147e-02
7.069999999999999896e-02 7.154375176999180908e-02
7.079999999999998794e-02 7.154725129838734876e-02
7.089999999999999081e-02 7.155074363718683106e-02
7.099999999999999367e-02 7.155422881098927324e-02
7.109999999999999654e-02 7.155770684429262063e-02
7.119999999999999940e-02 7.156117776146540821e-02
7.129999999999998839e-02 7.156464158676860421e-02
7.139999999999999125e-02 7.156809834433927597e-02
7.149999999999999412e-02 7.157154805820215016e-02
7.159999999999999698e-02 7.157499075226869678e-02
7.169999999999999984e-02 7.157842645034268036e-02
7.179999999999998883e-02 7.158185517609824688e-02
7.189999999999999170e-02 7.158527695311672767e-02
7.199999999999999456e-02 7.158869180485782913e-02
7.209999999999999742e-02 7.159209975467148435e-02
7.220000000000000029e-02 7.159550082579962949e-02
7.229999999999998928e-02 7.159889504136786320e-02
7.239999999999999214e-02 7.160228242440090651e-02
7.249999999999999500e-02 7.160566299781045974e-02
7.259999999999999787e-02 7.160903678440794229e-02
7.269999999999998685e-02 7.161240380688406459e-02
7.279999999999998972e-02 7.161576408783723591e-02
7.289999999999999258e-02 7.161911764975666117e-02
7.299999999999999545e-02 7.162246451501905198e-02
7.309999999999999831e-02 7.162580470590647341e-02
7.319999999999998730e-02 7.162913824459059275e-02
7.329999999999999016e-02 7.163246515314604379e-02
7.339999999999999303e-02 7.163578545353957439e-02
7.349999999999999589e-02 7.163909916763673558e-02
7.359999999999999876e-02 7.164240631720408814e-02
7.369999999999998774e-02 7.164570692390610784e-02
7.379999999999999061e-02 7.164900100930667037e-02
7.389999999999999347e-02 7.165228859487780821e-02
7.399999999999999634e-02 7.165556970197983766e-02
7.409999999999999920e-02 7.165884435187891421e-02
7.419999999999998819e-02 7.166211256575069632e-02
7.429999999999999105e-02 7.166537436466886846e-02
7.439999999999999392e-02 7.166862976960242104e-02
7.449999999999999678e-02 7.167187880144053336e-02
7.459999999999999964e-02 7.167512148096980007e-02
7.469999999999998863e-02 7.167835782887339857e-02
7.479999999999999150e-02 7.168158786575130892e-02
7.489999999999999436e-02 7.168481161210625563e-02
7.499999999999999722e-02 7.168802908834454035e-02
7.510000000000000009e-02 7.169124031479180703e-02
7.519999999999998908e-02 7.169444531165850010e-02
7.529999999999999194e-02 7.169764409909210046e-02
7.539999999999999480e-02 7.170083669711940777e-02
7.549999999999999767e-02 7.170402312569988668e-02
7.559999999999998666e-02 7.170720340469761978e-02
7.569999999999998952e-02 7.171037755388445789e-02
7.579999999999999238e-02 7.171354559293768860e-02
7.589999999999999525e-02 7.171670754145334503e-02
7.599999999999999811e-02 7.171986341894232009e-02
7.609999999999998710e-02 7.172301324481489271e-02
7.619999999999998996e-02 7.172615703841270229e-02
7.629999999999999283e-02 7.172929481897891146e-02
7.639999999999999569e-02 7.173242660566646334e-02
7.649999999999999856e-02 7.173555241755462386e-02
7.659999999999998754e-02 7.173867227364177923e-02
7.669999999999999041e-02 7.174178619281824931e-02
7.679999999999999327e-02 7.174489419391716361e-02
7.689999999999999614e-02 7.174799629566136483e-02
7.699999999999999900e-02 7.175109251671572819e-02
7.709999999999998799e-02 7.175418287565316078e-02
7.719999999999999085e-02 7.175726739095898699e-02
7.729999999999999372e-02 7.176034608104814305e-02
7.739999999999999658e-02 7.176341896423851785e-02
7.749999999999999944e-02 7.176648605878534204e-02
7.759999999999998843e-02 7.176954738284768709e-02
7.769999999999999130e-02 7.177260295451191874e-02
7.779999999999999416e-02 7.177565279178968471e-02
7.789999999999999702e-02 7.177869691260445328e-02
7.799999999999999989e-02 7.178173533481310709e-02
7.809999999999998888e-02 7.178476807618540401e-02
7.819999999999999174e-02 7.178779515440447678e-02
7.829999999999999460e-02 7.179081658710362301e-02
7.839999999999999747e-02 7.179383239181201526e-02
7.849999999999998646e-02 7.179684258600677049e-02
7.859999999999998932e-02 7.179984718705111069e-02
7.869999999999999218e-02 7.180284621228477659e-02
7.879999999999999505e-02 7.180583967893139352e-02
7.889999999999999791e-02 7.180882760415895072e-02
7.899999999999998690e-02 7.181181000505398870e-02
7.909999999999998976e-02 7.181478689863737830e-02
7.919999999999999263e-02 7.181775830184297660e-02
7.929999999999999549e-02 7.182072423154337026e-02
7.939999999999999836e-02 7.182368470453891207e-02
7.949999999999998734e-02 7.182663973754271902e-02
7.959999999999999021e-02 7.182958935939769141e-02
7.969999999999999307e-02 7.183253356221566688e-02
7.979999999999999594e-02 7.183547237477488911e-02
7.989999999999999880e-02 7.183840581353881372e-02
7.999999999999998779e-02 7.184133389487404320e-02
8.009999999999999065e-02 7.184425663507097715e-02
8.019999999999999352e-02 7.184717405038210103e-02
8.029999999999999638e-02 7.185008615693300182e-02
8.039999999999999925e-02 7.185299297084661585e-02
8.049999999999998823e-02 7.185589450814297563e-02
8.059999999999999110e-02 7.185879078476753445e-02
8.069999999999999396e-02 7.186168181661342635e-02
8.079999999999999682e-02 7.186456761949966410e-02
8.089999999999999969e-02 7.186744820919359344e-02
8.099999999999998868e-02 7.187032360137969589e-02
8.109999999999999154e-02 7.187319381166062948e-02
8.119999999999999440e-02 7.187605885563090602e-02
8.129999999999999727e-02 7.187891874874573206e-02
8.139999999999998626e-02 7.188177350646660080e-02
8.149999999999998912e-02 7.188462314412502607e-02
8.159999999999999198e-02 7.188746767702959561e-02
8.169999999999999485e-02 7.189030712042748794e-02
8.179999999999999771e-02 7.189314148947525962e-02
8.189999999999998670e-02 7.189597079926388079e-02
8.199999999999998956e-02 7.189879506487857619e-02
8.209999999999999243e-02 7.190161430125745212e-02
8.219999999999999529e-02 7.190442852334730239e-02
8.229999999999999816e-02 7.190723774599964979e-02
8.239999999999998714e-02 7.191004198399933434e-02
8.249999999999999001e-02 7.191284125209267131e-02
8.259999999999999287e-02 7.191563556494200149e-02
8.269999999999999574e-02 7.191842493718436646e-02
8.279999999999999860e-02 7.192120938333289304e-02
8.289999999999998759e-02 7.192398891791365600e-02
8.299999999999999045e-02 7.192676355534573240e-02
8.309999999999999332e-02 7.192953331001235295e-02
8.319999999999999618e-02 7.193229819620830523e-02
8.329999999999999905e-02 7.193505822820558948e-02
8.339999999999998803e-02 7.193781342019947567e-02
8.349999999999999090e-02 7.194056378631528970e-02
8.359999999999999376e-02 7.194330934064990801e-02
8.369999999999999662e-02 7.194605009721403988e-02
8.379999999999999949e-02 7.194878607000705639e-02
8.389999999999998848e-02 7.195151727290731436e-02
8.399999999999999134e-02 7.195424371976244515e-02
8.409999999999999420e-02 7.195696542438639876e-02
8.419999999999999707e-02 7.195968240052302844e-02
8.429999999999998606e-02 7.196239466184005396e-02
8.439999999999998892e-02 7.196510222198272688e-02
8.449999999999999178e-02 7.196780509453670760e-02
8.459999999999999465e-02 7.197050329297743909e-02
8.469999999999999751e-02 7.197319683081497554e-02
8.479999999999998650e-02 7.197588572143348573e-02
8.489999999999998936e-02 7.197856997820387126e-02
8.499999999999999223e-02 7.198124961442886605e-02
8.509999999999999509e-02 7.198392464334404939e-02
8.519999999999999796e-02 7.198659507817026237e-02
8.529999999999998694e-02 7.198926093200792853e-02
8.539999999999998981e-02 7.199192221800934655e-02
8.549999999999999267e-02 7.199457894916339029e-02
8.559999999999999554e-02 7.199723113848095768e-02
8.569999999999999840e-02 7.199987879890712428e-02
8.579999999999998739e-02 7.200252194326359212e-02
8.589999999999999025e-02 7.200516058445755041e-02
8.599999999999999312e-02 7.200779473523302721e-02
8.609999999999999598e-02 7.201042440831861846e-02
8.619999999999999885e-02 7.201304961642085445e-02
8.629999999999998783e-02 7.201567037214265388e-02
8.639999999999999070e-02 7.201828668807211398e-02
8.649999999999999356e-02 7.202089857671760409e-02
8.659999999999999643e-02 7.202350605060986455e-02
8.669999999999999929e-02 7.202610912546195121e-02
8.679999999999998828e-02 7.202870780733237888e-02
8.689999999999999114e-02 7.203130211158384477e-02
8.699999999999999400e-02 7.203389205047462662e-02
8.709999999999999687e-02 7.203647763624504430e-02
8.719999999999998586e-02 7.203905888109901623e-02
8.729999999999998872e-02 7.204163579717486054e-02
8.739999999999999158e-02 7.204420839654541997e-02
8.749999999999999445e-02 7.204677669127682038e-02
8.759999999999999731e-02 7.204934069337283475e-02
8.769999999999998630e-02 7.205190041474709983e-02
8.779999999999998916e-02 7.205445586737412034e-02
8.789999999999999203e-02 7.205700706304284109e-02
8.799999999999999489e-02 7.205955401361222035e-02
8.809999999999999776e-02 7.206209673082641931e-02
8.819999999999998674e-02 7.206463522640647879e-02
8.829999999999998961e-02 7.206716951204515664e-02
8.839999999999999247e-02 7.206969959935742576e-02
8.849999999999999534e-02 7.207222549995710714e-02
8.859999999999999820e-02 7.207474722532493383e-02
8.869999999999998719e-02 7.207726478704037931e-02
8.879999999999999005e-02 7.207977819649356854e-02
8.889999999999999292e-02 7.208228746510639273e-02
8.899999999999999578e-02 7.208479260424109636e-02
8.909999999999999865e-02 7.208729362525997941e-02
8.919999999999998763e-02 7.208979053939208737e-02
8.929999999999999050e-02 7.209228335789902298e-02
8.939999999999999336e-02 7.209477209194842251e-02
8.949999999999999623e-02 7.209725675268922884e-02
8.959999999999998521e-02 7.209973735124437788e-02
8.969999999999998808e-02 7.210221389866146302e-02
8.979999999999999094e-02 7.210468640601364054e-02
8.989999999999999380e-02 7.210715488421329256e-02
8.999999999999999667e-02 7.210961934420713482e-02
9.009999999999998566e-02 7.211207979691217074e-02
9.019999999999998852e-02 7.211453625321051497e-02
9.029999999999999138e-02 7.211698872385477466e-02
9.039999999999999425e-02 7.211943721965111131e-02
9.049999999999999711e-02 7.212188175133153745e-02
9.059999999999998610e-02 7.212432232957700917e-02
9.069999999999998896e-02 7.212675896505617301e-02
9.079999999999999183e-02 7.212919166835385365e-02
9.089999999999999469e-02 7.213162045005994116e-02
9.099999999999999756e-02 7.213404532071787667e-02
9.109999999999998654e-02 7.213646629079187300e-02
9.119999999999998941e-02 7.213888337075495538e-02
9.129999999999999227e-02 7.214129657094803250e-02
9.139999999999999514e-02 7.214370590187485499e-02
9.149999999999999800e-02 7.214611137378898476e-02
9.159999999999998699e-02 7.214851299699959197e-02
9.169999999999998985e-02 7.215091078174554196e-02
9.179999999999999272e-02 7.215330473828164559e-02
9.189999999999999558e-02 7.215569581033293156e-02
9.199999999999999845e-02 7.215808214449130620e-02
9.209999999999998743e-02 7.216046468085531018e-02
9.219999999999999030e-02 7.216284342945103458e-02
9.229999999999999316e-02 7.216521840035074187e-02
9.239999999999999603e-02 7.216758960353793217e-02
9.249999999999998501e-02 7.216995704894892116e-02
9.259999999999998788e-02 7.217232074647871032e-02
9.269999999999999074e-02 7.217468070605023711e-02
9.279999999999999361e-02 7.217703693755268823e-02
9.289999999999999647e-02 7.217938945069769796e-02
9.299999999999998546e-02 7.218173825535449672e-02
9.309999999999998832e-02 7.218408238636078722e-02
9.319999999999999118e-02 7.218642379987087743e-02
9.329999999999999405e-02 7.218876153391586004e-02
9.339999999999999691e-02 7.219109559825737099e-02
9.349999999999998590e-02 7.219342600239514463e-02
9.359999999999998876e-02 7.219575275592078623e-02
9.369999999999999163e-02 7.219807586840558400e-02
9.379999999999999449e-02 7.220039534929052760e-02
9.389999999999999736e-02 7.220271120807925103e-02
9.399999999999998634e-02 7.220502345403384536e-02
9.409999999999998921e-02 7.220733209680195441e-02
9.419999999999999207e-02 7.220963714553295387e-02
9.429999999999999494e-02 7.221193860968194711e-02
9.439999999999999780e-02 7.221423649844403714e-02
9.449999999999998679e-02 7.221653082105555788e-02
9.459999999999998965e-02 7.221882158686147857e-02
9.469999999999999252e-02 7.222110880495109797e-02
9.479999999999999538e-02 7.222339248440658166e-02
9.489999999999999825e-02 7.222567263452585318e-02
9.499999999999998723e-02 7.222794926424296047e-02
9.509999999999999010e-02 7.223022238270208895e-02
9.519999999999999296e-02 7.223249199893833072e-02
9.529999999999999583e-02 7.223475812187467315e-02
9.539999999999998481e-02 7.223702076038904241e-02
9.549999999999998768e-02 7.223927992365200557e-02
9.559999999999999054e-02 7.224153562029694831e-02
9.569999999999999341e-02 7.224378785938685710e-02
9.579999999999999627e-02 7.224603664962038485e-02
9.589999999999998526e-02 7.224828199987676225e-02
9.599999999999998812e-02 7.225052391888672765e-02
9.609999999999999098e-02 7.225276241529413057e-02
9.619999999999999385e-02 7.225499749801285454e-02
9.629999999999999671e-02 7.225722917552518387e-02
9.639999999999998570e-02 7.225945745651689289e-02
9.649999999999998856e-02 7.226168234967829396e-02
9.659999999999999143e-02 7.226390386354349105e-02
9.669999999999999429e-02 7.226612200667105468e-02
9.679999999999999716e-02 7.226833678745545053e-02
9.689999999999998614e-02 7.227054821459261147e-02
9.699999999999998901e-02 7.227275629640775301e-02
9.709999999999999187e-02 7.227496104134360777e-02
9.719999999999999474e-02 7.227716245788096128e-02
9.729999999999999760e-02 7.227936055437317320e-02
9.739999999999998659e-02 7.228155533903714292e-02
9.749999999999998945e-02 7.228374682026857123e-02
9.759999999999999232e-02 7.228593500641736225e-02
9.769999999999999518e-02 7.228811990563276113e-02
9.779999999999999805e-02 7.229030152610720072e-02
9.789999999999998703e-02 7.229247987632352046e-02
9.799999999999998990e-02 7.229465496405164393e-02
9.809999999999999276e-02 7.229682679757584718e-02
9.819999999999999563e-02 7.229899538525619285e-02
9.829999999999998461e-02 7.230116073477751981e-02
9.839999999999998748e-02 7.230332285457635733e-02
9.849999999999999034e-02 7.230548175225476326e-02
9.859999999999999321e-02 7.230763743618577599e-02
9.869999999999999607e-02 7.230978991410230705e-02
9.879999999999998506e-02 7.231193919405459747e-02
9.889999999999998792e-02 7.231408528399969893e-02
9.899999999999999079e-02 7.231622819168574690e-02
9.909999999999999365e-02 7.231836792512495726e-02
9.919999999999999651e-02 7.232050449199281528e-02
9.929999999999998550e-02 7.232263790024812122e-02
9.939999999999998836e-02 7.232476815757667155e-02
9.949999999999999123e-02 7.232689527179024525e-02
9.959999999999999409e-02 7.232901925053805692e-02
9.969999999999999696e-02 7.233114010155416995e-02
9.979999999999998594e-02 7.233325783254569707e-02
9.989999999999998881e-02 7.233537245106244629e-02
9.999999999999999167e-02 7.233748396497693967e-02
