0.000000000000000000e+00 0.000000000000000000e+00
1.999999999999999825e-04 2.552566876676335902e-02
3.999999999999999650e-04 3.493307009060699769e-02
5.999999999999999474e-04 4.009170307030950758e-02
7.999999999999999299e-04 4.349619195119084486e-02
1.000000000000000021e-03 4.597546734316653588e-02
1.199999999999999895e-03 4.789440887323257595e-02
1.399999999999999769e-03 4.944246719962935160e-02
1.599999999999999860e-03 5.072932909018965097e-02
1.799999999999999951e-03 5.182361929030242231e-02
2.000000000000000042e-03 5.277084067202125056e-02
2.199999999999999699e-03 5.360255992130912028e-02
2.399999999999999790e-03 5.434148344078316289e-02
2.599999999999999881e-03 5.500443565210756669e-02
2.799999999999999538e-03 5.560419508953028805e-02
2.999999999999999629e-03 5.615067296289041193e-02
3.199999999999999720e-03 5.665169604286926508e-02
3.399999999999999811e-03 5.711354231509627177e-02
3.599999999999999901e-03 5.754131681259443826e-02
3.799999999999999559e-03 5.793922126425510993e-02
4.000000000000000083e-03 5.831075138931787055e-02
4.199999999999999740e-03 5.865884353681857788e-02
4.399999999999999398e-03 5.898598608836423673e-02
4.599999999999999922e-03 5.929430416121826003e-02
4.799999999999999580e-03 5.958562587015838602e-02
4.999999999999999237e-03 5.986153417713577229e-02
5.199999999999999761e-03 6.012340800431583560e-02
5.399999999999999419e-03 6.037245529742675532e-02
5.599999999999999076e-03 6.060973963718686158e-02
5.799999999999999600e-03 6.083620289751769800e-02
5.999999999999999258e-03 6.105267829631984972e-02
6.199999999999999782e-03 6.125991476933694002e-02
6.399999999999999439e-03 6.145857959362954759e-02
6.599999999999999097e-03 6.164927348631580456e-02
6.799999999999999621e-03 6.183253828493361776e-02
6.999999999999999278e-03 6.200886428074834505e-02
7.199999999999999803e-03 6.217869644448715399e-02
7.399999999999999460e-03 6.234243975609279204e-02
7.599999999999999117e-03 6.250046378047315054e-02
7.799999999999999642e-03 6.265310627036357882e-02
8.000000000000000167e-03 6.280067834074977429e-02
8.199999999999998956e-03 6.294346379695356375e-02
8.399999999999999481e-03 6.308172560252171823e-02
8.600000000000000006e-03 6.321570594275446875e-02
8.799999999999998795e-03 6.334562884971962904e-02
8.999999999999999320e-03 6.347170187197911928e-02
9.199999999999999845e-03 6.359411763456389310e-02
9.399999999999998634e-03 6.371305521320745624e-02
9.599999999999999159e-03 6.382868135542360544e-02
9.799999999999999684e-03 6.394115156834254132e-02
9.999999999999998473e-03 6.405061110190997387e-02
1.019999999999999900e-02 3.863152700271105244e-02
1.039999999999999952e-02 2.932796271423668971e-02
1.059999999999999831e-02 2.427053844117615239e-02
1.079999999999999884e-02 2.096474195719575523e-02
1.099999999999999936e-02 1.858174796564850823e-02
1.119999999999999815e-02 1.675677593895855827e-02
1.139999999999999868e-02 1.530046860175016815e-02
1.159999999999999920e-02 1.410322822848560087e-02
1.179999999999999973e-02 1.309651034062869757e-02
1.199999999999999852e-02 1.223489355859348066e-02
1.219999999999999904e-02 1.148688458786753519e-02
1.239999999999999956e-02 1.082984743473650729e-02
1.259999999999999835e-02 1.024702440839944662e-02
1.279999999999999888e-02 9.725700274444561144e-03
1.299999999999999940e-02 9.256023918634830039e-03
1.319999999999999819e-02 8.830225671543831534e-03
1.339999999999999872e-02 8.442081840909276824e-03
1.359999999999999924e-02 8.086539064777194252e-03
1.379999999999999803e-02 7.759444820587609037e-03
1.399999999999999856e-02 7.457350283172160810e-03
1.419999999999999908e-02 7.177363825048993506e-03
1.439999999999999961e-02 6.917039743074560043e-03
1.459999999999999840e-02 6.674293675411592519e-03
1.479999999999999892e-02 6.447336451080608322e-03
1.499999999999999944e-02 6.234622343875756423e-03
1.519999999999999823e-02 6.034808055677624850e-03
1.539999999999999876e-02 5.846719675883474410e-03
1.559999999999999928e-02 5.669326144661611389e-03
1.579999999999999807e-02 5.501717815741900830e-03
1.600000000000000033e-02 5.343090279502575590e-03
1.619999999999999912e-02 5.192723897407283684e-03
1.639999999999999791e-02 5.049979070742921516e-03
1.660000000000000017e-02 4.914281592438569934e-03
1.679999999999999896e-02 4.785115109544969825e-03
1.699999999999999775e-02 4.662013856748171980e-03
1.720000000000000001e-02 4.544556441548323888e-03
1.739999999999999880e-02 4.432360569874373157e-03
1.759999999999999759e-02 4.325078513751745568e-03
1.779999999999999985e-02 4.222393549288161463e-03
1.799999999999999864e-02 4.124014820699128947e-03
1.819999999999999743e-02 4.029678048438373184e-03
1.839999999999999969e-02 3.939139095437790838e-03
1.859999999999999848e-02 3.852173935787725489e-03
1.879999999999999727e-02 3.768576060098199898e-03
1.899999999999999953e-02 3.688154834474682842e-03
1.919999999999999832e-02 3.610733967671378442e-03
1.939999999999999711e-02 3.536150162486303983e-03
1.959999999999999937e-02 3.464251918951249953e-03
1.979999999999999816e-02 3.394898469473148217e-03
1.999999999999999695e-02 3.327958829051722023e-03
2.019999999999999921e-02 3.263310947479114432e-03
2.039999999999999800e-02 3.200840945111027569e-03
2.059999999999999679e-02 3.140442432464224387e-03
2.079999999999999905e-02 3.082015894605133477e-03
2.099999999999999784e-02 3.025468129106020920e-03
2.119999999999999662e-02 2.970711770062153811e-03
2.139999999999999888e-02 2.917664805920039406e-03
2.159999999999999767e-02 2.866249217838678920e-03
2.179999999999999646e-02 2.816395433210328036e-03
2.199999999999999872e-02 2.768032320511204514e-03
2.219999999999999751e-02 2.721096550040019713e-03
2.239999999999999630e-02 2.675527475316602510e-03
2.259999999999999856e-02 2.631267842204465524e-03
2.279999999999999735e-02 2.588263552654263000e-03
2.299999999999999961e-02 2.546464385253438545e-03
2.319999999999999840e-02 2.505820074472919767e-03
2.339999999999999719e-02 2.466284680309308031e-03
2.359999999999999945e-02 2.427816689088826974e-03
2.379999999999999824e-02 2.390373901463377360e-03
2.399999999999999703e-02 2.353917175221917346e-03
2.419999999999999929e-02 2.318409328496820465e-03
2.439999999999999808e-02 2.283815017791887558e-03
2.459999999999999687e-02 2.250100625085682537e-03
2.479999999999999913e-02 2.217234153233202387e-03
2.499999999999999792e-02 2.185185128953645584e-03
2.519999999999999671e-02 2.153924512745569730e-03
2.539999999999999897e-02 2.123424682120247931e-03
2.559999999999999776e-02 2.093659362684116565e-03
2.579999999999999655e-02 2.064602412658586572e-03
2.599999999999999881e-02 2.036230954339510180e-03
2.619999999999999760e-02 2.008521470859822577e-03
2.639999999999999639e-02 1.981451920205795636e-03
2.659999999999999865e-02 1.955001283943061385e-03
2.679999999999999744e-02 1.929149437129129563e-03
2.699999999999999623e-02 1.903877080240659603e-03
2.719999999999999848e-02 1.879165733833620955e-03
2.739999999999999727e-02 1.854997687195381051e-03
2.759999999999999606e-02 1.831355958751043622e-03
2.779999999999999832e-02 1.808224258935439699e-03
2.799999999999999711e-02 1.785586955304438450e-03
2.819999999999999590e-02 1.763429039748534710e-03
2.839999999999999816e-02 1.741736097666965466e-03
2.859999999999999695e-02 1.720494278934878163e-03
2.879999999999999921e-02 1.699690270609038878e-03
2.899999999999999800e-02 1.679311271152880702e-03
2.919999999999999679e-02 1.659344966169817859e-03
2.939999999999999905e-02 1.639779505513860869e-03
2.959999999999999784e-02 1.620603481667204360e-03
2.979999999999999663e-02 1.601805909313969156e-03
2.999999999999999889e-02 1.583376194381203028e-03
3.019999999999999768e-02 1.565304163642575186e-03
3.039999999999999647e-02 1.547579974161064631e-03
3.059999999999999873e-02 1.530194097546122567e-03
3.079999999999999752e-02 1.513137470788780692e-03
3.099999999999999631e-02 1.496401207438588510e-03
3.119999999999999857e-02 1.479976647840663961e-03
3.139999999999999736e-02 1.463856589894466098e-03
3.159999999999999615e-02 1.448031454614889801e-03
3.179999999999999494e-02 1.432494501940190235e-03
3.200000000000000067e-02 1.417238207842161368e-03
3.219999999999999946e-02 1.402255390477141761e-03
3.239999999999999825e-02 1.387539085790659432e-03
3.259999999999999704e-02 1.373082659736207800e-03
3.279999999999999583e-02 1.358879592984085782e-03
3.299999999999999462e-02 1.344922676191184774e-03
3.320000000000000034e-02 1.331207697620850894e-03
3.339999999999999913e-02 1.317728840377618837e-03
3.359999999999999792e-02 1.304478465982278346e-03
3.379999999999999671e-02 1.291452026162959177e-03
3.399999999999999550e-02 1.278644179435045602e-03
3.419999999999999429e-02 1.266062106301230061e-03
3.440000000000000002e-02 1.253663718366604396e-03
3.459999999999999881e-02 1.241481221549850522e-03
3.479999999999999760e-02 1.229497541159377261e-03
3.499999999999999639e-02 1.217708101019066014e-03
3.519999999999999518e-02 1.206108461324170711e-03
3.539999999999999397e-02 1.194694313638375305e-03
3.559999999999999970e-02 1.183461476119543332e-03
3.579999999999999849e-02 1.172405888943309216e-03
3.599999999999999728e-02 1.161523609909870247e-03
3.619999999999999607e-02 1.150810810284619290e-03
3.639999999999999486e-02 1.140263769433602636e-03
3.659999999999999365e-02 1.129878876391918197e-03
3.679999999999999938e-02 1.119652617928665328e-03
3.699999999999999817e-02 1.109581580606283646e-03
3.719999999999999696e-02 1.099662445972329761e-03
3.739999999999999575e-02 1.089891987301180865e-03
3.759999999999999454e-02 1.080267066502216267e-03
3.779999999999999333e-02 1.070784631110113794e-03
3.799999999999999906e-02 1.061441711427829615e-03
3.819999999999999785e-02 1.052235417756439140e-03
3.839999999999999664e-02 1.043162937756761388e-03
3.859999999999999543e-02 1.034221533908294410e-03
3.879999999999999422e-02 1.025408541047892474e-03
3.899999999999999994e-02 1.016721364042336151e-03
3.919999999999999873e-02 1.008157475524781854e-03
3.939999999999999752e-02 9.997144137099400751e-04
3.959999999999999631e-02 9.913897803148080667e-04
3.979999999999999510e-02 9.831812507207354779e-04
3.999999999999999389e-02 9.750865228452532119e-04
4.019999999999999962e-02 9.671033897598185769e-04
4.039999999999999841e-02 9.592296878129374926e-04
4.059999999999999720e-02 9.514633567009461723e-04
4.079999999999999599e-02 9.438022588416222769e-04
4.099999999999999478e-02 9.362444519497026274e-04
4.119999999999999357e-02 9.287881233597111708e-04
4.139999999999999930e-02 9.214303445835986262e-04
4.159999999999999809e-02 9.141708918289775943e-04
4.179999999999999688e-02 9.070070119588519164e-04
4.199999999999999567e-02 8.999370498784520223e-04
4.219999999999999446e-02 8.929592886693371590e-04
4.239999999999999325e-02 8.860720745153677358e-04
4.259999999999999898e-02 8.792736912084098133e-04
4.279999999999999777e-02 8.725625650630036700e-04
4.299999999999999656e-02 8.659371226574091862e-04
4.319999999999999535e-02 8.593958144286623080e-04
4.339999999999999414e-02 8.529371653313438939e-04
4.359999999999999293e-02 8.465596918855317066e-04
4.379999999999999866e-02 8.402619632076613332e-04
4.399999999999999745e-02 8.340425786695776500e-04
4.419999999999999624e-02 8.278878124449579046e-04
4.439999999999999503e-02 8.218333972562635870e-04
4.459999999999999382e-02 8.158409542771555278e-04
4.479999999999999261e-02 8.099215615469668172e-04
4.499999999999999833e-02 8.040739685581804741e-04
4.519999999999999712e-02 7.982969524049782217e-04
4.539999999999999591e-02 7.925893170405290400e-04
4.559999999999999470e-02 7.869498925480999940e-04
4.579999999999999349e-02 7.813775344477774665e-04
4.599999999999999922e-02 7.758720601153262786e-04
4.619999999999999801e-02 7.704305138066941394e-04
4.639999999999999680e-02 7.650527459668460262e-04
4.659999999999999559e-02 7.597367291870826822e-04
4.679999999999999438e-02 7.544833797722555468e-04
4.699999999999999317e-02 7.492907274860849398e-04
4.719999999999999890e-02 7.441577880601957240e-04
4.739999999999999769e-02 7.390835977949677948e-04
4.759999999999999648e-02 7.340672130345116120e-04
4.779999999999999527e-02 7.291077096590187212e-04
4.799999999999999406e-02 7.242041825793327225e-04
4.819999999999999285e-02 7.193557452713494893e-04
4.839999999999999858e-02 7.145615292999396573e-04
4.859999999999999737e-02 7.098206838696968779e-04
4.879999999999999616e-02 7.051323753811955530e-04
4.899999999999999495e-02 7.004957870257177976e-04
4.919999999999999374e-02 6.959101183351690256e-04
4.939999999999999253e-02 6.913745848135255390e-04
4.959999999999999826e-02 6.868884175327549801e-04
4.979999999999999705e-02 6.824508505815091164e-04
4.999999999999999584e-02 6.780611698944671861e-04
5.019999999999999463e-02 6.737186383999199668e-04
5.039999999999999342e-02 6.694225457777452926e-04
5.059999999999999221e-02 6.651721954823164307e-04
5.079999999999999793e-02 6.609669044332633359e-04
5.099999999999999672e-02 6.568060026847788446e-04
5.119999999999999551e-02 6.526888331201130544e-04
5.139999999999999430e-02 6.486147511458040249e-04
5.159999999999999309e-02 6.445831244163424678e-04
5.179999999999999882e-02 6.405933325254464794e-04
5.199999999999999761e-02 6.366447667449648407e-04
5.219999999999999640e-02 6.327368297562308008e-04
5.239999999999999519e-02 6.288689353750043232e-04
5.259999999999999398e-02 6.250405083155496921e-04
5.279999999999999277e-02 6.212509852566300284e-04
5.299999999999999850e-02 6.174998092534911276e-04
5.319999999999999729e-02 6.137864375989066090e-04
5.339999999999999608e-02 6.101103324974432862e-04
5.359999999999999487e-02 6.064709755294328541e-04
5.379999999999999366e-02 6.028678493788519610e-04
5.399999999999999245e-02 5.993004484119851538e-04
5.419999999999999818e-02 5.957682760785731890e-04
5.439999999999999697e-02 5.922708447146513011e-04
5.459999999999999576e-02 5.888076753441523481e-04
5.479999999999999455e-02 5.853782974933469108e-04
5.499999999999999334e-02 5.819822490034098905e-04
5.519999999999999213e-02 5.786190758520076693e-04
5.539999999999999786e-02 5.752883319778967497e-04
5.559999999999999665e-02 5.719895791093665416e-04
5.579999999999999544e-02 5.687223865996765548e-04
5.599999999999999423e-02 5.654853941629983671e-04
5.619999999999999302e-02 5.622800460338139850e-04
5.639999999999999181e-02 5.591050108744999303e-04
5.659999999999999754e-02 5.559608650482217307e-04
5.679999999999999633e-02 5.528452703105202204e-04
5.699999999999999512e-02 5.497588033310796263e-04
5.719999999999999390e-02 5.467010825138673979e-04
5.739999999999999269e-02 5.436717326832568586e-04
5.759999999999999842e-02 5.406703849708816012e-04
5.779999999999999721e-02 5.376966766776070106e-04
5.799999999999999600e-02 5.347502511501844857e-04
5.819999999999999479e-02 5.318307576586411844e-04
5.839999999999999358e-02 5.289378512727122006e-04
5.859999999999999237e-02 5.260711927478206595e-04
5.879999999999999810e-02 5.232304484131256039e-04
5.899999999999999689e-02 5.204152900430969453e-04
5.919999999999999568e-02 5.176253947729164695e-04
5.939999999999999447e-02 5.148604449754096146e-04
5.959999999999999326e-02 5.121201281634985003e-04
5.979999999999999205e-02 5.094041368798180036e-04
5.999999999999999778e-02 5.067121686175568573e-04
6.019999999999999657e-02 5.040439256977363724e-04
6.039999999999999536e-02 5.013991151904539922e-04
6.059999999999999415e-02 4.987774488201673906e-04
6.079999999999999294e-02 4.961786428718528708e-04
6.099999999999999173e-02 4.936024181065729044e-04
6.119999999999999746e-02 4.910484504981882381e-04
6.139999999999999625e-02 4.885165605890973151e-04
6.159999999999999504e-02 4.860064369101857462e-04
6.179999999999999383e-02 4.835178137427842415e-04
6.199999999999999262e-02 4.810504240939095233e-04
6.219999999999999141e-02 4.786039718183421332e-04
6.239999999999999714e-02 4.761782187948510048e-04
6.259999999999998899e-02 4.737734369839596837e-04
6.279999999999999472e-02 4.713888526848980520e-04
6.300000000000000044e-02 4.690238747358244087e-04
6.319999999999999230e-02 4.666787634933361462e-04
6.339999999999999802e-02 4.643532248779086435e-04
6.359999999999998987e-02 4.620470171836227324e-04
6.379999999999999560e-02 4.597599109502914505e-04
6.400000000000000133e-02 4.574916826889374732e-04
6.419999999999999318e-02 4.552421132181239116e-04
6.439999999999999891e-02 4.530109870333060007e-04
6.459999999999999076e-02 4.507980920593346319e-04
6.479999999999999649e-02 4.486031872134310650e-04
6.499999999999998834e-02 4.464261330962004948e-04
6.519999999999999407e-02 4.442666926229993374e-04
6.539999999999999980e-02 4.421246662146133266e-04
6.559999999999999165e-02 4.399998571973928740e-04
6.579999999999999738e-02 4.378920717456602496e-04
6.599999999999998923e-02 4.358011188345251030e-04
6.619999999999999496e-02 4.337268101746311055e-04
6.640000000000000069e-02 4.316689730803624503e-04
6.659999999999999254e-02 4.296274003995903534e-04
6.679999999999999827e-02 4.276019235088246440e-04
6.699999999999999012e-02 4.255923647168008417e-04
6.719999999999999585e-02 4.235985488486859740e-04
6.739999999999998770e-02 4.216203032162135766e-04
6.759999999999999343e-02 4.196574575667938456e-04
6.779999999999999916e-02 4.177098440334842122e-04
6.799999999999999101e-02 4.157772971129514161e-04
6.819999999999999674e-02 4.138596536064770293e-04
6.839999999999998859e-02 4.119691095154642824e-04
6.859999999999999432e-02 4.100684353814387784e-04
6.880000000000000004e-02 4.081945454817159646e-04
6.899999999999999190e-02 4.063349285605144523e-04
6.919999999999999762e-02 4.044894324066183877e-04
6.939999999999998948e-02 4.026579068983210385e-04
6.959999999999999520e-02 4.008402039585440280e-04
6.979999999999998705e-02 3.990361775450396165e-04
6.999999999999999278e-02 3.972456835800858288e-04
7.019999999999999851e-02 3.954685799475027297e-04
7.039999999999999036e-02 3.937047264464393903e-04
7.059999999999999609e-02 3.919539847704045510e-04
7.079999999999998794e-02 3.902162184600960204e-04
7.099999999999999367e-02 3.884912928885653205e-04
7.119999999999999940e-02 3.867791243934437517e-04
7.139999999999999125e-02 3.850794908267507477e-04
7.159999999999999698e-02 3.833923079843704063e-04
7.179999999999998883e-02 3.817174517895260966e-04
7.199999999999999456e-02 3.800548051724056409e-04
7.220000000000000029e-02 3.784042858619024452e-04
7.239999999999999214e-02 3.767657590887513175e-04
7.259999999999999787e-02 3.751385854523364705e-04
7.279999999999998972e-02 3.735231752195061761e-04
7.299999999999999545e-02 3.719197654024619659e-04
7.319999999999998730e-02 3.703277425628204167e-04
7.339999999999999303e-02 3.687470541404030966e-04
7.359999999999999876e-02 3.671776001627630182e-04
7.379999999999999061e-02 3.656192733008101214e-04
7.399999999999999634e-02 3.640719650623430725e-04
7.419999999999998819e-02 3.625355673434194070e-04
7.439999999999999392e-02 3.610099730009114216e-04
7.459999999999999964e-02 3.594950760237719534e-04
7.479999999999999150e-02 3.579908038659901370e-04
7.499999999999999722e-02 3.564969867025091776e-04
