0.000000000000000000e+00 0.000000000000000000e+00
1.999999999999999825e-04 3.063168083047775048e-02
3.999999999999999650e-04 5.205418418418895909e-02
5.999999999999999474e-04 7.000410298868166292e-02
7.999999999999999299e-04 8.590886678751011307e-02
1.000000000000000021e-03 1.003605209204668086e-01
1.199999999999999895e-03 1.136550225495640276e-01
1.399999999999999769e-03 1.259685574864174984e-01
1.599999999999999860e-03 1.374239234075841642e-01
1.799999999999999951e-03 1.481167070033593824e-01
2.000000000000000042e-03 1.581261723761542282e-01
2.199999999999999699e-03 1.675202086564105963e-01
2.399999999999999790e-03 1.763578973432435859e-01
2.599999999999999881e-03 1.846910741903048936e-01
2.799999999999999538e-03 1.925654290903778265e-01
2.999999999999999629e-03 2.000213625436867149e-01
3.199999999999999720e-03 2.070946915718548387e-01
3.399999999999999811e-03 2.138172479416489691e-01
3.599999999999999901e-03 2.202173911089404523e-01
3.799999999999999559e-03 2.263204501303560101e-01
4.000000000000000083e-03 2.321491049846561294e-01
4.199999999999999740e-03 2.377237155361936749e-01
4.399999999999999398e-03 2.430626061931920323e-01
4.599999999999999922e-03 2.481823111435442486e-01
4.799999999999999580e-03 2.530977869936558711e-01
4.999999999999999237e-03 2.578225967020512099e-01
5.199999999999999761e-03 2.623690690695265060e-01
5.399999999999999419e-03 2.667484374319643026e-01
5.599999999999999076e-03 2.709709602739499568e-01
5.799999999999999600e-03 2.750460274183589293e-01
5.999999999999999258e-03 2.789822472591062530e-01
6.199999999999999782e-03 2.827875370161436197e-01
6.399999999999999439e-03 2.864691838974474103e-01
6.599999999999999097e-03 2.900339122562078376e-01
6.799999999999999621e-03 2.934879376181346311e-01
6.999999999999999278e-03 2.968370153302777870e-01
7.199999999999999803e-03 3.000864836698129423e-01
7.399999999999999460e-03 3.032413021502602946e-01
7.599999999999999117e-03 3.063060856279545274e-01
7.799999999999999642e-03 3.092851343932587760e-01
8.000000000000000167e-03 3.121824631439279463e-01
8.199999999999998956e-03 3.150018217315523894e-01
8.399999999999999481e-03 3.177467209375802182e-01
8.600000000000000006e-03 3.204204499715916921e-01
8.799999999999998795e-03 3.230260948653390085e-01
8.999999999999999320e-03 3.255665544280840207e-01
9.199999999999999845e-03 3.280445547689958552e-01
9.399999999999998634e-03 3.304626624516381339e-01
9.599999999999999159e-03 3.328232964374160940e-01
9.799999999999999684e-03 3.351287389476055867e-01
9.999999999999998473e-03 3.373811453695374496e-01
1.019999999999999900e-02 3.089508724043423249e-01
1.039999999999999952e-02 2.896807063606220423e-01
1.059999999999999831e-02 2.738358802779357615e-01
1.079999999999999884e-02 2.599906954767642331e-01
1.099999999999999936e-02 2.475547487344524344e-01
1.119999999999999815e-02 2.362336420683881777e-01
1.139999999999999868e-02 2.258526713057934510e-01
1.159999999999999920e-02 2.162904487650585683e-01
1.179999999999999973e-02 2.074527258478124914e-01
1.199999999999999852e-02 1.992615185031381686e-01
1.219999999999999904e-02 1.916501538599801879e-01
1.239999999999999956e-02 1.845607113182182180e-01
1.259999999999999835e-02 1.779424630412562713e-01
1.279999999999999888e-02 1.717507771733156607e-01
1.299999999999999940e-02 1.659462642520000697e-01
1.319999999999999819e-02 1.604940739740596811e-01
1.339999999999999872e-02 1.553632994586776617e-01
1.359999999999999924e-02 1.505264666340050406e-01
1.379999999999999803e-02 1.459590944846649307e-01
1.399999999999999856e-02 1.416393157523606616e-01
1.419999999999999908e-02 1.375475498598134061e-01
1.439999999999999961e-02 1.336662200170269377e-01
1.459999999999999840e-02 1.299795096366277158e-01
1.479999999999999892e-02 1.264731512412601289e-01
1.499999999999999944e-02 1.231342439792278975e-01
1.519999999999999823e-02 1.199510954937231810e-01
1.539999999999999876e-02 1.169130844391349511e-01
1.559999999999999928e-02 1.140105410572447298e-01
1.579999999999999807e-02 1.112346432575851418e-01
1.600000000000000033e-02 1.085773272459192862e-01
1.619999999999999912e-02 1.060312021075899835e-01
1.639999999999999791e-02 1.035894874143744593e-01
1.660000000000000017e-02 1.012459473446830072e-01
1.679999999999999896e-02 9.899483757944366191e-02
1.699999999999999775e-02 9.683085745704528291e-02
1.720000000000000001e-02 9.474910757184246135e-02
1.739999999999999880e-02 9.274505218174300403e-02
1.759999999999999759e-02 9.081448576808426321e-02
1.779999999999999985e-02 8.895350357493991833e-02
1.799999999999999864e-02 8.715847323271253000e-02
1.819999999999999743e-02 8.542601457718262958e-02
1.839999999999999969e-02 8.375297440946460892e-02
1.859999999999999848e-02 8.213640950603245949e-02
1.879999999999999727e-02 8.057356870694631912e-02
1.899999999999999953e-02 7.906187741835579708e-02
1.919999999999999832e-02 7.759892352496305934e-02
1.939999999999999711e-02 7.618244464874901478e-02
1.959999999999999937e-02 7.481031659840153836e-02
1.979999999999999816e-02 7.348054288099020726e-02
1.999999999999999695e-02 7.219124516306008044e-02
2.019999999999999921e-02 1.015723354136317119e-01
2.039999999999999800e-02 1.217812880062962982e-01
2.059999999999999679e-02 1.385531228532878578e-01
2.079999999999999905e-02 1.533137841611273700e-01
2.099999999999999784e-02 1.666539135340927569e-01
2.119999999999999662e-02 1.788681404576383527e-01
2.139999999999999888e-02 1.901313939831003608e-01
2.159999999999999767e-02 2.005652802893485853e-01
2.179999999999999646e-02 2.102642603278381261e-01
2.199999999999999872e-02 2.193065245631369287e-01
2.219999999999999751e-02 2.277589465743295460e-01
2.239999999999999630e-02 2.356796421548482678e-01
2.259999999999999856e-02 2.431195290163311040e-01
2.279999999999999735e-02 2.501234237570961749e-01
2.299999999999999961e-02 2.567308965645179741e-01
2.319999999999999840e-02 2.629769708989509458e-01
2.339999999999999719e-02 2.688927239404065861e-01
2.359999999999999945e-02 2.745057976359063234e-01
2.379999999999999824e-02 2.798408336389734408e-01
2.399999999999999703e-02 2.849198566399898103e-01
2.419999999999999929e-02 2.897626006153970479e-01
2.439999999999999808e-02 2.943867918538510819e-01
2.459999999999999687e-02 2.988083926680259461e-01
2.479999999999999913e-02 3.030418126092698783e-01
2.499999999999999792e-02 3.071000910692458508e-01
2.519999999999999671e-02 3.109950555233733649e-01
2.539999999999999897e-02 3.147374591228200291e-01
2.559999999999999776e-02 3.183371002224277269e-01
2.579999999999999655e-02 3.218029264004813594e-01
2.599999999999999881e-02 3.251431239265792916e-01
2.619999999999999760e-02 3.283652032709445945e-01
2.639999999999999639e-02 3.314760615881290895e-01
2.659999999999999865e-02 3.344820486773020796e-01
2.679999999999999744e-02 3.373890201773289133e-01
2.699999999999999623e-02 3.402023854859276830e-01
2.719999999999999848e-02 3.429271502393481663e-01
2.739999999999999727e-02 3.455679539787948062e-01
2.759999999999999606e-02 3.481291036618572310e-01
2.779999999999999832e-02 3.506146031919996631e-01
2.799999999999999711e-02 3.530281818613054123e-01
2.819999999999999590e-02 3.553733145954240391e-01
2.839999999999999816e-02 3.576532472553729525e-01
2.859999999999999695e-02 3.598710136871137721e-01
2.879999999999999921e-02 3.620294536908852390e-01
2.899999999999999800e-02 3.641312285742407395e-01
2.919999999999999679e-02 3.661788352932700552e-01
2.939999999999999905e-02 3.681746192457160394e-01
2.959999999999999784e-02 3.701207858716406562e-01
2.979999999999999663e-02 3.720194111901733436e-01
2.999999999999999889e-02 3.738724513852151321e-01
3.019999999999999768e-02 3.450500707077108764e-01
3.039999999999999647e-02 3.253948694172997258e-01
3.059999999999999873e-02 3.091719006414189730e-01
3.079999999999999752e-02 2.949552918395614842e-01
3.099999999999999631e-02 2.821544714652785557e-01
3.119999999999999857e-02 2.704748785852471027e-01
3.139999999999999736e-02 2.597416524756553380e-01
3.159999999999999615e-02 2.498332512745556067e-01
3.179999999999999494e-02 2.406552796042910058e-01
3.200000000000000067e-02 2.321296102359733382e-01
3.219999999999999946e-02 2.241894316793349162e-01
3.239999999999999825e-02 2.167766889884033543e-01
3.259999999999999704e-02 2.098405242126072934e-01
3.279999999999999583e-02 2.033361792519867151e-01
3.299999999999999462e-02 1.972241413247952380e-01
3.320000000000000034e-02 1.914694432868661589e-01
3.339999999999999913e-02 1.860410631640098122e-01
3.359999999999999792e-02 1.809114131995983032e-01
3.379999999999999671e-02 1.760559048966500173e-01
3.399999999999999550e-02 1.714525657228474498e-01
3.419999999999999429e-02 1.670817252423082155e-01
3.440000000000000002e-02 1.629256703281488083e-01
3.459999999999999881e-02 1.589685250425548479e-01
3.479999999999999760e-02 1.551959158748973389e-01
3.499999999999999639e-02 1.515948509460613991e-01
3.519999999999999518e-02 1.481535494288317434e-01
3.539999999999999397e-02 1.448613039760505150e-01
3.559999999999999970e-02 1.417083612122804204e-01
3.579999999999999849e-02 1.386858177330520525e-01
3.599999999999999728e-02 1.357855306554945352e-01
3.619999999999999607e-02 1.330000321270016217e-01
3.639999999999999486e-02 1.303224668589931801e-01
3.659999999999999365e-02 1.277465261836294719e-01
3.679999999999999938e-02 1.252663948752440470e-01
3.699999999999999817e-02 1.228767032472716791e-01
3.719999999999999696e-02 1.205724846881893186e-01
3.739999999999999575e-02 1.183491380103057211e-01
3.759999999999999454e-02 1.162023939531314221e-01
3.779999999999999333e-02 1.141282856682828140e-01
3.799999999999999906e-02 1.121231202907647106e-01
3.819999999999999785e-02 1.101834587076495620e-01
3.839999999999999664e-02 1.083060902695686112e-01
3.859999999999999543e-02 1.064880157540645245e-01
3.879999999999999422e-02 1.047264294088479097e-01
3.899999999999999994e-02 1.030187034110225386e-01
3.919999999999999873e-02 1.013623737378210876e-01
3.939999999999999752e-02 9.975512738510877719e-02
3.959999999999999631e-02 9.819479077806037015e-02
3.979999999999999510e-02 9.667931925764128298e-02
3.999999999999999389e-02 9.520678745646088403e-02
4.019999999999999962e-02 1.244070614814993953e-01
4.039999999999999841e-02 1.444375709325722568e-01
4.059999999999999720e-02 1.610332920658396616e-01
4.079999999999999599e-02 1.756201263392553613e-01
4.099999999999999478e-02 1.887886737600508735e-01
4.119999999999999357e-02 2.008335232749140220e-01
4.139999999999999930e-02 2.119295631826160764e-01
4.159999999999999809e-02 2.221983624904527443e-01
4.179999999999999688e-02 2.317343433004074305e-01
4.199999999999999567e-02 2.406156591530299038e-01
4.219999999999999446e-02 2.489091474457615361e-01
4.239999999999999325e-02 2.566728886352366845e-01
4.259999999999999898e-02 2.639577657939441435e-01
4.279999999999999777e-02 2.708085617626206920e-01
4.299999999999999656e-02 2.772648136900548455e-01
4.319999999999999535e-02 2.833615127209639373e-01
4.339999999999999414e-02 2.891297044743180167e-01
4.359999999999999293e-02 2.945969999893354174e-01
4.379999999999999866e-02 2.997880107081963841e-01
4.399999999999999745e-02 3.047247317668248523e-01
4.419999999999999624e-02 3.094268558719204254e-01
4.439999999999999503e-02 3.139121180947063161e-01
4.459999999999999382e-02 3.181964159969629113e-01
4.479999999999999261e-02 3.222941443989256194e-01
4.499999999999999833e-02 3.262183161808120402e-01
4.519999999999999712e-02 3.299807328681620411e-01
4.539999999999999591e-02 3.335921222092718685e-01
4.559999999999999470e-02 3.370622576890134336e-01
4.579999999999999349e-02 3.404000625349163922e-01
4.599999999999999922e-02 3.436137001088826470e-01
4.619999999999999801e-02 3.467106556693009822e-01
4.639999999999999680e-02 3.496978044222360249e-01
4.659999999999999559e-02 3.525814727861688591e-01
4.679999999999999438e-02 3.553674963975170242e-01
4.699999999999999317e-02 3.580612621886912206e-01
4.719999999999999890e-02 3.606677547298139941e-01
4.739999999999999769e-02 3.631915929195422832e-01
4.759999999999999648e-02 3.656370634860710567e-01
4.779999999999999527e-02 3.680081505065267988e-01
4.799999999999999406e-02 3.703085638398595503e-01
4.819999999999999285e-02 3.725417593622847301e-01
4.839999999999999858e-02 3.747109642597886148e-01
4.859999999999999737e-02 3.768191940687203867e-01
4.879999999999999616e-02 3.788692706363624985e-01
4.899999999999999495e-02 3.808638376654998603e-01
4.919999999999999374e-02 3.828053748473446150e-01
4.939999999999999253e-02 3.846962106466529363e-01
4.959999999999999826e-02 3.865385338945850902e-01
4.979999999999999705e-02 3.883344043056750072e-01
4.999999999999999584e-02 3.900857621053752111e-01
5.019999999999999463e-02 3.611627558506541602e-01
5.039999999999999342e-02 3.414079704147728878e-01
5.059999999999999221e-02 3.250864438269606693e-01
5.079999999999999793e-02 3.107722887301035408e-01
5.099999999999999672e-02 2.978749190362920962e-01
5.119999999999999551e-02 2.860997595396659321e-01
5.139999999999999430e-02 2.752719355066987617e-01
5.159999999999999309e-02 2.652698913226503308e-01
5.179999999999999882e-02 2.559992181082177409e-01
5.199999999999999761e-02 2.473817753784035012e-01
5.219999999999999640e-02 2.393507386269236870e-01
5.239999999999999519e-02 2.318480401265578528e-01
5.259999999999999398e-02 2.248228093750584966e-01
5.279999999999999277e-02 2.182302759466881459e-01
5.299999999999999850e-02 2.120309149495175072e-01
5.319999999999999729e-02 2.061897473481195120e-01
5.339999999999999608e-02 2.006757394822106244e-01
5.359999999999999487e-02 1.954612921243837897e-01
5.379999999999999366e-02 1.905218054996895005e-01
5.399999999999999245e-02 1.858352959971589224e-01
5.419999999999999818e-02 1.813820822949554767e-01
5.439999999999999697e-02 1.771444405688590851e-01
5.459999999999999576e-02 1.731064843683096377e-01
5.479999999999999455e-02 1.692538298506852112e-01
5.499999999999999334e-02 1.655734749817694973e-01
5.519999999999999213e-02 1.620536289524764917e-01
5.539999999999999786e-02 1.586835746033833372e-01
5.559999999999999665e-02 1.554535489128615611e-01
5.579999999999999544e-02 1.523546389929256728e-01
5.599999999999999423e-02 1.493786916993387615e-01
5.619999999999999302e-02 1.465182318714182697e-01
5.639999999999999181e-02 1.437663942825777030e-01
5.659999999999999754e-02 1.411168623774295416e-01
5.679999999999999633e-02 1.385638102679494499e-01
5.699999999999999512e-02 1.361018606571514633e-01
5.719999999999999390e-02 1.337260384990767159e-01
5.739999999999999269e-02 1.314317343095490753e-01
5.759999999999999842e-02 1.292146706668886313e-01
5.779999999999999721e-02 1.270708726940016908e-01
5.799999999999999600e-02 1.249966396271126046e-01
5.819999999999999479e-02 1.229885245818818085e-01
5.839999999999999358e-02 1.210433092623112161e-01
5.859999999999999237e-02 1.191579869217281318e-01
5.879999999999999810e-02 1.173297444036101034e-01
5.899999999999999689e-02 1.155559465984659084e-01
5.919999999999999568e-02 1.138341223122996682e-01
5.939999999999999447e-02 1.121619514828682274e-01
5.959999999999999326e-02 1.105372535882359619e-01
5.979999999999999205e-02 1.089579771310061340e-01
5.999999999999999778e-02 1.074221900122292461e-01
6.019999999999999657e-02 1.365597517119840343e-01
6.039999999999999536e-02 1.565280853059002886e-01
6.059999999999999415e-02 1.730621606267517265e-01
6.079999999999999294e-02 1.875878728079215241e-01
6.099999999999999173e-02 2.006958156291205886e-01
6.119999999999999746e-02 2.126805718554721503e-01
6.139999999999999625e-02 2.237170238379335152e-01
6.159999999999999504e-02 2.339267345913488005e-01
6.179999999999999383e-02 2.434041203568529377e-01
6.199999999999999262e-02 2.522273288971409455e-01
6.219999999999999141e-02 2.604631918853420602e-01
6.239999999999999714e-02 2.681697841929270854e-01
6.259999999999998899e-02 2.753979838970644911e-01
6.279999999999999472e-02 2.821925678757027378e-01
6.300000000000000044e-02 2.885930675742657270e-01
6.319999999999999230e-02 2.946344693609730947e-01
6.339999999999999802e-02 3.003478135980134356e-01
6.359999999999998987e-02 3.057607061929030756e-01
6.379999999999999560e-02 3.108977535398297909e-01
6.400000000000000133e-02 3.157809458028300598e-01
6.419999999999999318e-02 3.204299707899820326e-01
6.439999999999999891e-02 3.248625587451810515e-01
6.459999999999999076e-02 3.290946024729396457e-01
6.479999999999999649e-02 3.331404920724490570e-01
6.499999999999998834e-02 3.370132358687462637e-01
6.519999999999999407e-02 3.407246307975818067e-01
6.539999999999999980e-02 3.442854001169528555e-01
6.559999999999999165e-02 3.477053128851992359e-01
6.579999999999999738e-02 3.509932879659523053e-01
6.599999999999998923e-02 3.541574844189063209e-01
6.619999999999999496e-02 3.572053832606246204e-01
6.640000000000000069e-02 3.601438555278370646e-01
6.659999999999999254e-02 3.629792234909771653e-01
6.679999999999999827e-02 3.657173187318891183e-01
6.699999999999999012e-02 3.683635241731940679e-01
6.719999999999999585e-02 3.709228204307597476e-01
6.739999999999998770e-02 3.733998225036339602e-01
6.759999999999999343e-02 3.757988132741210130e-01
6.779999999999999916e-02 3.781237730260318952e-01
6.799999999999999101e-02 3.803784078771520472e-01
6.819999999999999674e-02 3.825661700133672349e-01
6.839999999999998859e-02 3.846902953375586076e-01
6.859999999999999432e-02 3.867537587244793129e-01
6.880000000000000004e-02 3.887594155499962678e-01
6.899999999999999190e-02 3.907098936654768151e-01
6.919999999999999762e-02 3.926076693145519880e-01
6.939999999999998948e-02 3.944550675605900114e-01
6.959999999999999520e-02 3.962542738786331009e-01
6.979999999999998705e-02 3.980073446720783781e-01
6.999999999999999278e-02 3.997162168989358277e-01
7.019999999999999851e-02 3.707510358920035887e-01
7.039999999999999036e-02 3.509543833428775961e-01
7.059999999999999609e-02 3.345912941411737229e-01
7.079999999999998794e-02 3.202358778310392395e-01
7.099999999999999367e-02 3.072975452665792084e-01
7.119999999999999940e-02 2.954817182728607383e-01
7.139999999999999125e-02 2.846135190463837117e-01
7.159999999999999698e-02 2.745713890769971854e-01
7.179999999999998883e-02 2.652609165867653718e-01
7.199999999999999456e-02 2.566039582344763481e-01
7.220000000000000029e-02 2.485336867278437056e-01
7.239999999999999214e-02 2.409920315354789344e-01
7.259999999999999787e-02 2.339281188806092704e-01
7.279999999999998972e-02 2.272971761459753881e-01
7.299999999999999545e-02 2.210596761081655426e-01
7.319999999999998730e-02 2.151806365820863598e-01
7.339999999999999303e-02 2.096290213508623657e-01
7.359999999999999876e-02 2.043772286142540029e-01
7.379999999999999061e-02 1.994006560483790325e-01
7.399999999999999634e-02 1.946773175229402075e-01
7.419999999999998819e-02 1.901875292266713979e-01
7.439999999999999392e-02 1.859135648770234295e-01
7.459999999999999964e-02 1.818395355952201198e-01
7.479999999999999150e-02 1.779510551724625134e-01
7.499999999999999722e-02 1.742351191395883903e-01
