0.000000000000000000e+00 0.000000000000000000e+00
1.999999999999999825e-04 3.063168083047775048e-02
3.999999999999999650e-04 5.205418418418895909e-02
5.999999999999999474e-04 7.000410298868166292e-02
7.999999999999999299e-04 8.590886678751011307e-02
1.000000000000000021e-03 1.003605209204668086e-01
1.199999999999999895e-03 1.136550225495640276e-01
1.399999999999999769e-03 1.259685574864174984e-01
1.599999999999999860e-03 1.374239234075841642e-01
1.799999999999999951e-03 1.481167070033593824e-01
2.000000000000000042e-03 1.581261723761542282e-01
2.199999999999999699e-03 1.675202086564105963e-01
2.399999999999999790e-03 1.763578973432435859e-01
2.599999999999999881e-03 1.846910741903048936e-01
2.799999999999999538e-03 1.925654290903778265e-01
2.999999999999999629e-03 2.000213625436867149e-01
3.199999999999999720e-03 2.070946915718548387e-01
3.399999999999999811e-03 2.138172479416489691e-01
3.599999999999999901e-03 2.202173911089404523e-01
3.799999999999999559e-03 2.263204501303560101e-01
4.000000000000000083e-03 2.321491049846561294e-01
4.199999999999999740e-03 2.377237155361936749e-01
4.399999999999999398e-03 2.430626061931920323e-01
4.599999999999999922e-03 2.481823111435442486e-01
4.799999999999999580e-03 2.530977869936558711e-01
4.999999999999999237e-03 2.578225967020512099e-01
5.199999999999999761e-03 2.623690690695265060e-01
5.399999999999999419e-03 2.667484374319643026e-01
5.599999999999999076e-03 2.709709602739499568e-01
5.799999999999999600e-03 2.750460274183589293e-01
5.999999999999999258e-03 2.789822472591062530e-01
6.199999999999999782e-03 2.827875370161436197e-01
6.399999999999999439e-03 2.864691838974474103e-01
6.599999999999999097e-03 2.900339122562078376e-01
6.799999999999999621e-03 2.934879376181346311e-01
6.999999999999999278e-03 2.968370153302777870e-01
7.199999999999999803e-03 3.000864836698129423e-01
7.399999999999999460e-03 3.032413021502602946e-01
7.599999999999999117e-03 3.063060856279545274e-01
7.799999999999999642e-03 3.092851343932587760e-01
8.000000000000000167e-03 3.121824631439279463e-01
8.199999999999998956e-03 3.150018217315523894e-01
8.399999999999999481e-03 3.177467209375802182e-01
8.600000000000000006e-03 3.204204499715916921e-01
8.799999999999998795e-03 3.230260948653390085e-01
8.999999999999999320e-03 3.255665544280840207e-01
9.199999999999999845e-03 3.280445547689958552e-01
9.399999999999998634e-03 3.304626624516381339e-01
9.599999999999999159e-03 3.328232964374160940e-01
9.799999999999999684e-03 3.351287389476055867e-01
9.999999999999998473e-03 3.373811453695374496e-01
1.019999999999999900e-02 3.089508724043423249e-01
1.039999999999999952e-02 2.896807063606220423e-01
1.059999999999999831e-02 2.738358802779357615e-01
1.079999999999999884e-02 2.599906954767642331e-01
1.099999999999999936e-02 2.475547487344524344e-01
1.119999999999999815e-02 2.362336420683881777e-01
1.139999999999999868e-02 2.258526713057934510e-01
1.159999999999999920e-02 2.162904487650585683e-01
1.179999999999999973e-02 2.074527258478124914e-01
1.199999999999999852e-02 1.992615185031381686e-01
1.219999999999999904e-02 1.916501538599801879e-01
1.239999999999999956e-02 1.845607113182182180e-01
1.259999999999999835e-02 1.779424630412562713e-01
1.279999999999999888e-02 1.717507771733156607e-01
1.299999999999999940e-02 1.659462642520000697e-01
1.319999999999999819e-02 1.604940739740596811e-01
1.339999999999999872e-02 1.553632994586776617e-01
1.359999999999999924e-02 1.505264666340050406e-01
1.379999999999999803e-02 1.459590944846649307e-01
1.399999999999999856e-02 1.416393157523606616e-01
1.419999999999999908e-02 1.375475498598134061e-01
1.439999999999999961e-02 1.336662200170269377e-01
1.459999999999999840e-02 1.299795096366277158e-01
1.479999999999999892e-02 1.264731512412601289e-01
1.499999999999999944e-02 1.231342439792278975e-01
1.519999999999999823e-02 1.199510954937231810e-01
1.539999999999999876e-02 1.169130844391349511e-01
1.559999999999999928e-02 1.140105410572447298e-01
1.579999999999999807e-02 1.112346432575851418e-01
1.600000000000000033e-02 1.085773272459192862e-01
1.619999999999999912e-02 1.060312021075899835e-01
1.639999999999999791e-02 1.035894874143744593e-01
1.660000000000000017e-02 1.012459473446830072e-01
1.679999999999999896e-02 9.899483757944366191e-02
1.699999999999999775e-02 9.683085745704528291e-02
1.720000000000000001e-02 9.474910757184246135e-02
1.739999999999999880e-02 9.274505218174300403e-02
1.759999999999999759e-02 9.081448576808426321e-02
1.779999999999999985e-02 8.895350357493991833e-02
1.799999999999999864e-02 8.715847323271253000e-02
1.819999999999999743e-02 8.542601457718262958e-02
1.839999999999999969e-02 8.375297440946460892e-02
1.859999999999999848e-02 8.213640950603245949e-02
1.879999999999999727e-02 8.057356870694631912e-02
1.899999999999999953e-02 7.906187741835579708e-02
1.919999999999999832e-02 7.759892352496305934e-02
1.939999999999999711e-02 7.618244464874901478e-02
1.959999999999999937e-02 7.481031659840153836e-02
1.979999999999999816e-02 7.348054288099020726e-02
1.999999999999999695e-02 7.219124516306008044e-02
2.019999999999999921e-02 7.094065458315396144e-02
2.039999999999999800e-02 6.972710382210733915e-02
2.059999999999999679e-02 6.854901986460620877e-02
2.079999999999999905e-02 6.740491737361725688e-02
2.099999999999999784e-02 6.629339261362593438e-02
2.119999999999999662e-02 6.521311790807432507e-02
2.139999999999999888e-02 6.416283649668286237e-02
2.159999999999999767e-02 6.314135688176442107e-02
2.179999999999999646e-02 6.214755332447874370e-02
2.199999999999999872e-02 6.118035218698270050e-02
2.219999999999999751e-02 6.023873791791894972e-02
2.239999999999999630e-02 5.932174481160468194e-02
2.259999999999999856e-02 5.842845482602621043e-02
2.279999999999999735e-02 5.755799466671834841e-02
2.299999999999999961e-02 5.670953402083123152e-02
2.319999999999999840e-02 5.588227932709610712e-02
2.339999999999999719e-02 5.507547599875761701e-02
2.359999999999999945e-02 5.428840652696587110e-02
2.379999999999999824e-02 5.352038350861743066e-02
2.399999999999999703e-02 5.277075165533368084e-02
2.419999999999999929e-02 5.203888507920334527e-02
2.439999999999999808e-02 5.132418566065904963e-02
2.459999999999999687e-02 5.062608152448166976e-02
2.479999999999999913e-02 4.994402561561400722e-02
2.499999999999999792e-02 4.927749436719464082e-02
2.519999999999999671e-02 4.862598645384685891e-02
2.539999999999999897e-02 4.798902169085572655e-02
2.559999999999999776e-02 4.736613994847777009e-02
2.579999999999999655e-02 4.675689898212243012e-02
2.599999999999999881e-02 4.616087666747303864e-02
2.619999999999999760e-02 4.557766625480097478e-02
2.639999999999999639e-02 4.500687769068167920e-02
2.659999999999999865e-02 4.444813642109424201e-02
2.679999999999999744e-02 4.390108255919428215e-02
2.699999999999999623e-02 4.336537015564989606e-02
2.719999999999999848e-02 4.284066656953522401e-02
2.739999999999999727e-02 4.232665182853451169e-02
2.759999999999999606e-02 4.182301803390270356e-02
2.779999999999999832e-02 4.132946879874088708e-02
2.799999999999999711e-02 4.084571871737746607e-02
2.819999999999999590e-02 4.037149286387164970e-02
2.839999999999999816e-02 3.990652631779273429e-02
2.859999999999999695e-02 3.945056371552208008e-02
2.879999999999999921e-02 3.900335882554623046e-02
2.899999999999999800e-02 3.856467414615671885e-02
2.919999999999999679e-02 3.813428052427420001e-02
2.939999999999999905e-02 3.771195679407790546e-02
2.959999999999999784e-02 3.729748943422456220e-02
2.979999999999999663e-02 3.689067224256775690e-02
2.999999999999999889e-02 3.649130601567768251e-02
3.019999999999999768e-02 3.609919830336855151e-02
3.039999999999999647e-02 3.571416305667768354e-02
3.059999999999999873e-02 3.533602036348321151e-02
3.079999999999999752e-02 3.496459636279725114e-02
3.099999999999999631e-02 3.459972273082612126e-02
3.119999999999999857e-02 3.424123651685889724e-02
3.139999999999999736e-02 3.388898116986188702e-02
3.159999999999999615e-02 3.354280250949703834e-02
3.179999999999999494e-02 3.320255375647851448e-02
3.200000000000000067e-02 3.286809173283516960e-02
3.219999999999999946e-02 3.253927781935472829e-02
3.239999999999999825e-02 3.221597767018513636e-02
3.259999999999999704e-02 3.189806117135102204e-02
3.279999999999999583e-02 3.158540207867105432e-02
3.299999999999999462e-02 3.127787707279516827e-02
3.320000000000000034e-02 3.097536931280647776e-02
3.339999999999999913e-02 3.067776370533215058e-02
3.359999999999999792e-02 3.038494656559326268e-02
3.379999999999999671e-02 3.009681041198508655e-02
3.399999999999999550e-02 2.981324997048678815e-02
3.419999999999999429e-02 2.953417538249480945e-02
3.440000000000000002e-02 2.925945031112187067e-02
3.459999999999999881e-02 2.898901540592713211e-02
3.479999999999999760e-02 2.872276463363721000e-02
3.499999999999999639e-02 2.846060696683350155e-02
3.519999999999999518e-02 2.820245393510856236e-02
3.539999999999999397e-02 2.794821953691556393e-02
3.559999999999999970e-02 2.769782015503569061e-02
3.579999999999999849e-02 2.745117447546691070e-02
3.599999999999999728e-02 2.720820340957524897e-02
3.619999999999999607e-02 2.696883001941163815e-02
3.639999999999999486e-02 2.673297944461872078e-02
3.659999999999999365e-02 2.650057883894646471e-02
3.679999999999999938e-02 2.627155729580038512e-02
3.699999999999999817e-02 2.604584579022639623e-02
3.719999999999999696e-02 2.582337711634685729e-02
3.739999999999999575e-02 2.560408582856271709e-02
3.759999999999999454e-02 2.538790818504715885e-02
3.779999999999999333e-02 2.517478209334289563e-02
3.799999999999999906e-02 2.496464705805218065e-02
3.819999999999999785e-02 2.475744413046693237e-02
3.839999999999999664e-02 2.455311586010400227e-02
3.859999999999999543e-02 2.435160624803206497e-02
3.879999999999999422e-02 2.415286070190159062e-02
3.899999999999999994e-02 2.395682599266674151e-02
3.919999999999999873e-02 2.376345021285802828e-02
3.939999999999999752e-02 2.357268273635976241e-02
3.959999999999999631e-02 2.338447417965883179e-02
3.979999999999999510e-02 2.319877637665107573e-02
3.999999999999999389e-02 2.301554229340080360e-02
4.019999999999999962e-02 2.283472606786768333e-02
4.039999999999999841e-02 2.265628292627597240e-02
4.059999999999999720e-02 2.248016921255180378e-02
4.079999999999999599e-02 2.230634217812799136e-02
4.099999999999999478e-02 2.213476022595811665e-02
4.119999999999999357e-02 2.196538281727566932e-02
4.139999999999999930e-02 2.179816919951571563e-02
4.159999999999999809e-02 2.163308220110415903e-02
4.179999999999999688e-02 2.147008297256930431e-02
4.199999999999999567e-02 2.130913458989297515e-02
4.219999999999999446e-02 2.115020087143199001e-02
4.239999999999999325e-02 2.099324648038841667e-02
4.259999999999999898e-02 2.083823677761303950e-02
4.279999999999999777e-02 2.068513800552451709e-02
4.299999999999999656e-02 2.053391712553687132e-02
4.319999999999999535e-02 2.038454182201299147e-02
4.339999999999999414e-02 2.023698053391143059e-02
4.359999999999999293e-02 2.009120235342909400e-02
4.379999999999999866e-02 1.994717706922294331e-02
4.399999999999999745e-02 1.980487512683504203e-02
4.419999999999999624e-02 1.966425525652337747e-02
4.439999999999999503e-02 1.952532624085523416e-02
4.459999999999999382e-02 1.938802332893702074e-02
4.479999999999999261e-02 1.925233178965574110e-02
4.499999999999999833e-02 1.911822511156618942e-02
4.519999999999999712e-02 1.898567734478867619e-02
4.539999999999999591e-02 1.885466308645183942e-02
4.559999999999999470e-02 1.872515746658570679e-02
4.579999999999999349e-02 1.859713613443503277e-02
4.599999999999999922e-02 1.847057618230335541e-02
4.619999999999999801e-02 1.834545239835638775e-02
4.639999999999999680e-02 1.822174283410693540e-02
4.659999999999999559e-02 1.809942410886677955e-02
4.679999999999999438e-02 1.797847622018811098e-02
4.699999999999999317e-02 1.785887670276353756e-02
4.719999999999999890e-02 1.774060449046582777e-02
4.739999999999999769e-02 1.762363894074747694e-02
4.759999999999999648e-02 1.750795982421382568e-02
4.779999999999999527e-02 1.739354731452713576e-02
4.799999999999999406e-02 1.728038197855413793e-02
4.819999999999999285e-02 1.716844476686069099e-02
4.839999999999999858e-02 1.705771700441566230e-02
4.859999999999999737e-02 1.694818038160661455e-02
4.879999999999999616e-02 1.683981694547725949e-02
4.899999999999999495e-02 1.673260909125912077e-02
4.919999999999999374e-02 1.662653955407455975e-02
4.939999999999999253e-02 1.652159140093689693e-02
4.959999999999999826e-02 1.641774802294443392e-02
4.979999999999999705e-02 1.631499311550166365e-02
4.999999999999999584e-02 1.621331072016007901e-02
5.019999999999999463e-02 1.611268514294328380e-02
5.039999999999999342e-02 1.601310099747316196e-02
5.059999999999999221e-02 1.591454318554169634e-02
5.079999999999999793e-02 1.581699689054200109e-02
5.099999999999999672e-02 1.572044757101354051e-02
5.119999999999999551e-02 1.562488095441888492e-02
5.139999999999999430e-02 1.553028303104342367e-02
5.159999999999999309e-02 1.543664004809469636e-02
5.179999999999999882e-02 1.534393850392673508e-02
5.199999999999999761e-02 1.525216514243016297e-02
5.219999999999999640e-02 1.516130694758877073e-02
5.239999999999999519e-02 1.507135113815449845e-02
5.259999999999999398e-02 1.498228516245120323e-02
5.279999999999999277e-02 1.489409669470143083e-02
5.299999999999999850e-02 1.480677362472226921e-02
5.319999999999999729e-02 1.472030406125335311e-02
5.339999999999999608e-02 1.463467631820081216e-02
5.359999999999999487e-02 1.454987892478548650e-02
5.379999999999999366e-02 1.446590060303948322e-02
5.399999999999999245e-02 1.438273027431147266e-02
5.419999999999999818e-02 1.430035705264726120e-02
5.439999999999999697e-02 1.421877024071027673e-02
5.459999999999999576e-02 1.413795932575478975e-02
5.479999999999999455e-02 1.405791397578787238e-02
5.499999999999999334e-02 1.397862403570809819e-02
5.519999999999999213e-02 1.390007952364474830e-02
5.539999999999999786e-02 1.382227062733282219e-02
5.559999999999999665e-02 1.374518770058114070e-02
5.579999999999999544e-02 1.366882125987362029e-02
5.599999999999999423e-02 1.359316104384422630e-02
5.619999999999999302e-02 1.351819974441664796e-02
5.639999999999999181e-02 1.344392742358452297e-02
5.659999999999999754e-02 1.337033619380006977e-02
5.679999999999999633e-02 1.329741539270540285e-02
5.699999999999999512e-02 1.322515740987978416e-02
5.719999999999999390e-02 1.315355381088739728e-02
5.739999999999999269e-02 1.308259629924335421e-02
5.759999999999999842e-02 1.301227671375720929e-02
5.779999999999999721e-02 1.294258702571887687e-02
5.799999999999999600e-02 1.287351933634789392e-02
5.819999999999999479e-02 1.280506587423224651e-02
5.839999999999999358e-02 1.273721899274260494e-02
5.859999999999999237e-02 1.266997116766360731e-02
5.879999999999999810e-02 1.260331499476219363e-02
5.899999999999999689e-02 1.253724318744336985e-02
5.919999999999999568e-02 1.247174857447858054e-02
5.939999999999999447e-02 1.240682409775945017e-02
5.959999999999999326e-02 1.234246281017559177e-02
5.979999999999999205e-02 1.227865787336485104e-02
5.999999999999999778e-02 1.221540255576836209e-02
6.019999999999999657e-02 1.215269023048465291e-02
6.039999999999999536e-02 1.209051437332803181e-02
6.059999999999999415e-02 1.202886856091206491e-02
6.079999999999999294e-02 1.196774646866616276e-02
6.099999999999999173e-02 1.190714186906971506e-02
6.119999999999999746e-02 1.184704858055812826e-02
6.139999999999999625e-02 1.178746065531743881e-02
6.159999999999999504e-02 1.172837210089605620e-02
6.179999999999999383e-02 1.166977705644550722e-02
6.199999999999999262e-02 1.161166974411104169e-02
6.219999999999999141e-02 1.155404443958052418e-02
6.239999999999999714e-02 1.149689555769040084e-02
6.259999999999998899e-02 1.144021810312034759e-02
6.279999999999999472e-02 1.138400611308204580e-02
6.300000000000000044e-02 1.132825388421093704e-02
6.319999999999999230e-02 1.127295664000915743e-02
6.339999999999999802e-02 1.121810912369541890e-02
6.359999999999998987e-02 1.116370620356765819e-02
6.379999999999999560e-02 1.110974283163340681e-02
6.400000000000000133e-02 1.105621403600520747e-02
6.419999999999999318e-02 1.100311491806160724e-02
6.439999999999999891e-02 1.095044065047473536e-02
6.459999999999999076e-02 1.089818647597673440e-02
6.479999999999999649e-02 1.084634767352343765e-02
6.499999999999998834e-02 1.079491968793422352e-02
6.519999999999999407e-02 1.074389792941976562e-02
6.539999999999999980e-02 1.069327790768098696e-02
6.559999999999999165e-02 1.064305519618580220e-02
6.579999999999999738e-02 1.059322543103591308e-02
6.599999999999998923e-02 1.054378431002367389e-02
6.619999999999999496e-02 1.049472759132363819e-02
6.640000000000000069e-02 1.044605110560103967e-02
6.659999999999999254e-02 1.039775070480830621e-02
6.679999999999999827e-02 1.034982233437209409e-02
6.699999999999999012e-02 1.030226198450284736e-02
6.719999999999999585e-02 1.025506570094575354e-02
6.739999999999998770e-02 1.020822958409167702e-02
6.759999999999999343e-02 1.016174978804995632e-02
6.779999999999999916e-02 1.011562251950509639e-02
6.799999999999999101e-02 1.006984403729249689e-02
6.819999999999999674e-02 1.002441065108250484e-02
6.839999999999998859e-02 9.979331077769992842e-03
6.859999999999999432e-02 9.934564655758926222e-03
6.880000000000000004e-02 9.890144913633769352e-03
6.899999999999999190e-02 9.846055999976954798e-03
6.919999999999999762e-02 9.802294467207373074e-03
6.939999999999998948e-02 9.758856913937075106e-03
6.959999999999999520e-02 9.715739984048010758e-03
6.979999999999998705e-02 9.672940366403370849e-03
6.999999999999999278e-02 9.630454793560616622e-03
7.019999999999999851e-02 9.588280041349428462e-03
7.039999999999999036e-02 9.546412928104708318e-03
7.059999999999999609e-02 9.504850314213053597e-03
7.079999999999998794e-02 9.463589100935754228e-03
7.099999999999999367e-02 9.422626230287112215e-03
7.119999999999999940e-02 9.381958733194806221e-03
7.139999999999999125e-02 9.341583539684950033e-03
7.159999999999999698e-02 9.301497754346910174e-03
7.179999999999998883e-02 9.261698478547630842e-03
7.199999999999999456e-02 9.222182856072846935e-03
7.220000000000000029e-02 9.182948100920018675e-03
7.239999999999999214e-02 9.143991408921081643e-03
7.259999999999999787e-02 9.105309505550773785e-03
7.279999999999998972e-02 9.066900199287242224e-03
7.299999999999999545e-02 9.028761158648035412e-03
7.319999999999998730e-02 8.990889233966847804e-03
7.339999999999999303e-02 8.953281868651741249e-03
7.359999999999999876e-02 8.915936489870213144e-03
7.379999999999999061e-02 8.878850548689531941e-03
7.399999999999999634e-02 8.842021525781285085e-03
7.419999999999998819e-02 8.805446931715921188e-03
7.439999999999999392e-02 8.769124308164344406e-03
7.459999999999999964e-02 8.733051226910482079e-03
7.479999999999999150e-02 8.697225321777302121e-03
7.499999999999999722e-02 8.661644157818892964e-03
