0.000000000000000000e+00 0.000000000000000000e+00
1.999999999999999825e-04 3.063168083047775048e-02
3.999999999999999650e-04 5.205418418418895909e-02
5.999999999999999474e-04 7.000410298868166292e-02
7.999999999999999299e-04 8.590886678751011307e-02
1.000000000000000021e-03 1.003605209204668086e-01
1.199999999999999895e-03 1.136550225495640276e-01
1.399999999999999769e-03 1.259685574864174984e-01
1.599999999999999860e-03 1.374239234075841642e-01
1.799999999999999951e-03 1.481167070033593824e-01
2.000000000000000042e-03 1.581261723761542282e-01
2.199999999999999699e-03 1.675202086564105963e-01
2.399999999999999790e-03 1.763578973432435859e-01
2.599999999999999881e-03 1.846910741903048936e-01
2.799999999999999538e-03 1.925654290903778265e-01
2.999999999999999629e-03 2.000213625436867149e-01
3.199999999999999720e-03 2.070946915718548387e-01
3.399999999999999811e-03 2.138172479416489691e-01
3.599999999999999901e-03 2.202173911089404523e-01
3.799999999999999559e-03 2.263204501303560101e-01
4.000000000000000083e-03 2.321491049846561294e-01
4.199999999999999740e-03 2.377237155361936749e-01
4.399999999999999398e-03 2.430626061931920323e-01
4.599999999999999922e-03 2.481823111435442486e-01
4.799999999999999580e-03 2.530977869936558711e-01
4.999999999999999237e-03 2.578225967020512099e-01
5.199999999999999761e-03 2.623690690695265060e-01
5.399999999999999419e-03 2.667484374319643026e-01
5.599999999999999076e-03 2.709709602739499568e-01
5.799999999999999600e-03 2.750460274183589293e-01
5.999999999999999258e-03 2.789822472591062530e-01
6.199999999999999782e-03 2.827875370161436197e-01
6.399999999999999439e-03 2.864691838974474103e-01
6.599999999999999097e-03 2.900339122562078376e-01
6.799999999999999621e-03 2.934879376181346311e-01
6.999999999999999278e-03 2.968370153302777870e-01
7.199999999999999803e-03 3.000864836698129423e-01
7.399999999999999460e-03 3.032413021502602946e-01
7.599999999999999117e-03 3.063060856279545274e-01
7.799999999999999642e-03 3.092851343932587760e-01
8.000000000000000167e-03 3.121824631439279463e-01
8.199999999999998956e-03 3.150018217315523894e-01
8.399999999999999481e-03 3.177467209375802182e-01
8.600000000000000006e-03 3.204204499715916921e-01
8.799999999999998795e-03 3.230260948653390085e-01
8.999999999999999320e-03 3.255665544280840207e-01
9.199999999999999845e-03 3.280445547689958552e-01
9.399999999999998634e-03 3.304626624516381339e-01
9.599999999999999159e-03 3.328232964374160940e-01
9.799999999999999684e-03 3.351287389476055867e-01
9.999999999999998473e-03 3.373811453695374496e-01
1.019999999999999900e-02 3.089508724043423249e-01
1.039999999999999952e-02 2.896807063606220423e-01
1.059999999999999831e-02 2.738358802779357615e-01
1.079999999999999884e-02 2.599906954767642331e-01
1.099999999999999936e-02 2.475547487344524344e-01
1.119999999999999815e-02 2.362336420683881777e-01
1.139999999999999868e-02 2.258526713057934510e-01
1.159999999999999920e-02 2.162904487650585683e-01
1.179999999999999973e-02 2.074527258478124914e-01
1.199999999999999852e-02 1.992615185031381686e-01
1.219999999999999904e-02 1.916501538599801879e-01
1.239999999999999956e-02 1.845607113182182180e-01
1.259999999999999835e-02 1.779424630412562713e-01
1.279999999999999888e-02 1.717507771733156607e-01
1.299999999999999940e-02 1.659462642520000697e-01
1.319999999999999819e-02 1.604940739740596811e-01
1.339999999999999872e-02 1.553632994586776617e-01
1.359999999999999924e-02 1.505264666340050406e-01
1.379999999999999803e-02 1.459590944846649307e-01
1.399999999999999856e-02 1.416393157523606616e-01
1.419999999999999908e-02 1.375475498598134061e-01
1.439999999999999961e-02 1.336662200170269377e-01
1.459999999999999840e-02 1.299795096366277158e-01
1.479999999999999892e-02 1.264731512412601289e-01
1.499999999999999944e-02 1.231342439792278975e-01
1.519999999999999823e-02 1.199510954937231810e-01
1.539999999999999876e-02 1.169130844391349511e-01
1.559999999999999928e-02 1.140105410572447298e-01
1.579999999999999807e-02 1.112346432575851418e-01
1.600000000000000033e-02 1.085773272459192862e-01
1.619999999999999912e-02 1.060312021075899835e-01
1.639999999999999791e-02 1.035894874143744593e-01
1.660000000000000017e-02 1.012459473446830072e-01
1.679999999999999896e-02 9.899483757944366191e-02
1.699999999999999775e-02 9.683085745704528291e-02
1.720000000000000001e-02 9.474910757184246135e-02
1.739999999999999880e-02 9.274505218174300403e-02
1.759999999999999759e-02 9.081448576808426321e-02
1.779999999999999985e-02 8.895350357493991833e-02
1.799999999999999864e-02 8.715847323271253000e-02
1.819999999999999743e-02 8.542601457718262958e-02
1.839999999999999969e-02 8.375297440946460892e-02
1.859999999999999848e-02 8.213640950603245949e-02
1.879999999999999727e-02 8.057356870694631912e-02
1.899999999999999953e-02 7.906187741835579708e-02
1.919999999999999832e-02 7.759892352496305934e-02
1.939999999999999711e-02 7.618244464874901478e-02
1.959999999999999937e-02 7.481031659840153836e-02
1.979999999999999816e-02 7.348054288099020726e-02
1.999999999999999695e-02 7.219124516306008044e-02
2.019999999999999921e-02 1.015723354136317119e-01
2.039999999999999800e-02 1.217812880062962982e-01
2.059999999999999679e-02 1.385531228532878578e-01
2.079999999999999905e-02 1.533137841611273700e-01
2.099999999999999784e-02 1.666539135340927569e-01
2.119999999999999662e-02 1.788681404576383527e-01
2.139999999999999888e-02 1.901313939831003608e-01
2.159999999999999767e-02 2.005652802893485853e-01
2.179999999999999646e-02 2.102642603278381261e-01
2.199999999999999872e-02 2.193065245631369287e-01
2.219999999999999751e-02 2.277589465743295460e-01
2.239999999999999630e-02 2.356796421548482678e-01
2.259999999999999856e-02 2.431195290163311040e-01
2.279999999999999735e-02 2.501234237570961749e-01
2.299999999999999961e-02 2.567308965645179741e-01
2.319999999999999840e-02 2.629769708989509458e-01
2.339999999999999719e-02 2.688927239404065861e-01
2.359999999999999945e-02 2.745057976359063234e-01
2.379999999999999824e-02 2.798408336389734408e-01
2.399999999999999703e-02 2.849198566399898103e-01
2.419999999999999929e-02 2.897626006153970479e-01
2.439999999999999808e-02 2.943867918538510819e-01
2.459999999999999687e-02 2.988083926680259461e-01
2.479999999999999913e-02 3.030418126092698783e-01
2.499999999999999792e-02 3.071000910692458508e-01
2.519999999999999671e-02 3.109950555233733649e-01
2.539999999999999897e-02 3.147374591228200291e-01
2.559999999999999776e-02 3.183371002224277269e-01
2.579999999999999655e-02 3.218029264004813594e-01
2.599999999999999881e-02 3.251431239265792916e-01
2.619999999999999760e-02 3.283652032709445945e-01
2.639999999999999639e-02 3.314760615881290895e-01
2.659999999999999865e-02 3.344820486773020796e-01
2.679999999999999744e-02 3.373890201773289133e-01
2.699999999999999623e-02 3.402023854859276830e-01
2.719999999999999848e-02 3.429271502393481663e-01
2.739999999999999727e-02 3.455679539787948062e-01
2.759999999999999606e-02 3.481291036618572310e-01
2.779999999999999832e-02 3.506146031919996631e-01
2.799999999999999711e-02 3.530281818613054123e-01
2.819999999999999590e-02 3.553733145954240391e-01
2.839999999999999816e-02 3.576532472553729525e-01
2.859999999999999695e-02 3.598710136871137721e-01
2.879999999999999921e-02 3.620294536908852390e-01
2.899999999999999800e-02 3.641312285742407395e-01
2.919999999999999679e-02 3.661788352932700552e-01
2.939999999999999905e-02 3.681746192457160394e-01
2.959999999999999784e-02 3.701207858716406562e-01
2.979999999999999663e-02 3.720194111901733436e-01
2.999999999999999889e-02 3.738724513852151321e-01
3.019999999999999768e-02 3.450500707077108764e-01
3.039999999999999647e-02 3.253948694172997258e-01
3.059999999999999873e-02 3.091719006414189730e-01
3.079999999999999752e-02 2.949552918395614842e-01
3.099999999999999631e-02 2.821544714652785557e-01
3.119999999999999857e-02 2.704748785852471027e-01
3.139999999999999736e-02 2.597416524756553380e-01
3.159999999999999615e-02 2.498332512745556067e-01
3.179999999999999494e-02 2.406552796042910058e-01
3.200000000000000067e-02 2.321296102359733382e-01
3.219999999999999946e-02 2.241894316793349162e-01
3.239999999999999825e-02 2.167766889884033543e-01
3.259999999999999704e-02 2.098405242126072934e-01
3.279999999999999583e-02 2.033361792519867151e-01
3.299999999999999462e-02 1.972241413247952380e-01
3.320000000000000034e-02 1.914694432868661589e-01
3.339999999999999913e-02 1.860410631640098122e-01
3.359999999999999792e-02 1.809114131995983032e-01
3.379999999999999671e-02 1.760559048966500173e-01
3.399999999999999550e-02 1.714525657228474498e-01
3.419999999999999429e-02 1.670817252423082155e-01
3.440000000000000002e-02 1.629256703281488083e-01
3.459999999999999881e-02 1.589685250425548479e-01
3.479999999999999760e-02 1.551959158748973389e-01
3.499999999999999639e-02 1.515948509460613991e-01
3.519999999999999518e-02 1.481535494288317434e-01
3.539999999999999397e-02 1.448613039760505150e-01
3.559999999999999970e-02 1.417083612122804204e-01
3.579999999999999849e-02 1.386858177330520525e-01
3.599999999999999728e-02 1.357855306554945352e-01
3.619999999999999607e-02 1.330000321270016217e-01
3.639999999999999486e-02 1.303224668589931801e-01
3.659999999999999365e-02 1.277465261836294719e-01
3.679999999999999938e-02 1.252663948752440470e-01
3.699999999999999817e-02 1.228767032472716791e-01
3.719999999999999696e-02 1.205724846881893186e-01
3.739999999999999575e-02 1.183491380103057211e-01
3.759999999999999454e-02 1.162023939531314221e-01
3.779999999999999333e-02 1.141282856682828140e-01
3.799999999999999906e-02 1.121231202907647106e-01
3.819999999999999785e-02 1.101834587076495620e-01
3.839999999999999664e-02 1.083060902695686112e-01
3.859999999999999543e-02 1.064880157540645245e-01
3.879999999999999422e-02 1.047264294088479097e-01
3.899999999999999994e-02 1.030187034110225386e-01
3.919999999999999873e-02 1.013623737378210876e-01
3.939999999999999752e-02 9.975512738510877719e-02
3.959999999999999631e-02 9.819479077806037015e-02
3.979999999999999510e-02 9.667931925764128298e-02
3.999999999999999389e-02 9.520678745646088403e-02
4.019999999999999962e-02 9.377538065102164477e-02
4.039999999999999841e-02 9.238338674838331155e-02
4.059999999999999720e-02 9.102918907715801256e-02
4.079999999999999599e-02 8.971125955174524824e-02
4.099999999999999478e-02 8.842815283958405104e-02
4.119999999999999357e-02 8.717850072534999439e-02
4.139999999999999930e-02 8.596100569619857801e-02
4.159999999999999809e-02 8.477443908286858010e-02
4.179999999999999688e-02 8.361763629704804801e-02
4.199999999999999567e-02 8.248948677687567566e-02
4.219999999999999446e-02 8.138893878935093973e-02
4.239999999999999325e-02 8.031499129199309861e-02
4.259999999999999898e-02 7.926669160363924993e-02
4.279999999999999777e-02 7.824313267224286550e-02
4.299999999999999656e-02 7.724345114636810283e-02
4.319999999999999535e-02 7.626682114910909860e-02
4.339999999999999414e-02 7.531245653266904760e-02
4.359999999999999293e-02 7.437960888039496510e-02
4.379999999999999866e-02 7.346756057784037397e-02
4.399999999999999745e-02 7.257562678216872287e-02
4.419999999999999624e-02 7.170314033572672274e-02
4.439999999999999503e-02 7.084951190151428380e-02
4.459999999999999382e-02 7.001410485341869050e-02
4.479999999999999261e-02 6.919635740526974832e-02
4.499999999999999833e-02 6.839571947876083025e-02
4.519999999999999712e-02 6.761166379863553511e-02
4.539999999999999591e-02 6.684368477730756597e-02
4.559999999999999470e-02 6.609129741506347688e-02
4.579999999999999349e-02 6.535403511655746289e-02
4.599999999999999922e-02 6.463145284977639404e-02
4.619999999999999801e-02 6.392311865315736252e-02
4.639999999999999680e-02 6.322862052478861461e-02
4.659999999999999559e-02 6.254756052996102156e-02
4.679999999999999438e-02 6.187955877938239313e-02
4.699999999999999317e-02 6.122424685841343361e-02
4.719999999999999890e-02 6.058127106000105178e-02
4.739999999999999769e-02 5.995029076928198863e-02
4.759999999999999648e-02 5.933097785811652924e-02
4.779999999999999527e-02 5.872301611326802284e-02
4.799999999999999406e-02 5.812610069593160400e-02
4.819999999999999285e-02 5.753993763073234069e-02
4.839999999999999858e-02 5.696424332220839659e-02
4.859999999999999737e-02 5.639874409712869463e-02
4.879999999999999616e-02 5.584317577102348995e-02
4.899999999999999495e-02 5.529728323741583962e-02
4.919999999999999374e-02 5.476082007834875975e-02
4.939999999999999253e-02 5.423354819501480240e-02
4.959999999999999826e-02 5.371523745716899612e-02
4.979999999999999705e-02 5.320566535806942055e-02
4.999999999999999584e-02 5.270461673583776152e-02
5.019999999999999463e-02 5.221188344631183531e-02
5.039999999999999342e-02 5.172726405415084550e-02
5.059999999999999221e-02 5.125056354902490785e-02
5.079999999999999793e-02 5.078159325333925223e-02
5.099999999999999672e-02 5.032017030183966178e-02
5.119999999999999551e-02 4.986611747127778216e-02
5.139999999999999430e-02 4.941926420090531069e-02
5.159999999999999309e-02 4.897944255759173471e-02
5.179999999999999882e-02 4.854649226040524956e-02
5.199999999999999761e-02 4.812025687526533257e-02
5.219999999999999640e-02 4.770058476694349903e-02
5.239999999999999519e-02 4.728732880833963481e-02
5.259999999999999398e-02 4.688034633380222527e-02
5.279999999999999277e-02 4.647949877337248514e-02
5.299999999999999850e-02 4.608465069751743748e-02
5.319999999999999729e-02 4.569567337405983087e-02
5.339999999999999608e-02 4.531244002353296274e-02
5.359999999999999487e-02 4.493482549037874918e-02
5.379999999999999366e-02 4.456271101502456977e-02
5.399999999999999245e-02 4.419598024479826082e-02
5.419999999999999818e-02 4.383453243514207065e-02
5.439999999999999697e-02 4.347822055183214740e-02
5.459999999999999576e-02 4.312697473168192186e-02
5.479999999999999455e-02 4.278067860942508238e-02
5.499999999999999334e-02 4.243923100254159975e-02
5.519999999999999213e-02 4.210253345875331066e-02
5.539999999999999786e-02 4.177049016424838612e-02
5.559999999999999665e-02 4.144300785561683131e-02
5.579999999999999544e-02 4.111999573534053098e-02
5.599999999999999423e-02 4.080136445341947526e-02
5.619999999999999302e-02 4.048702976382828611e-02
5.639999999999999181e-02 4.017690686820324375e-02
5.659999999999999754e-02 3.987091503274653448e-02
5.679999999999999633e-02 3.956897268850578797e-02
5.699999999999999512e-02 3.927100320010618040e-02
5.719999999999999390e-02 3.897693092723425456e-02
5.739999999999999269e-02 3.868668212780607130e-02
5.759999999999999842e-02 3.840018489880436814e-02
5.779999999999999721e-02 3.811736911906177250e-02
5.799999999999999600e-02 3.783816639440007457e-02
5.819999999999999479e-02 3.756251000469917889e-02
5.839999999999999358e-02 3.729033485284660721e-02
5.859999999999999237e-02 3.702157741569567229e-02
5.879999999999999810e-02 3.675617569666378426e-02
5.899999999999999689e-02 3.649406918011011136e-02
5.919999999999999568e-02 3.623519878733660882e-02
5.939999999999999447e-02 3.597950683411921258e-02
5.959999999999999326e-02 3.572693698983442356e-02
5.979999999999999205e-02 3.547743425001592676e-02
5.999999999999999778e-02 3.523094484916916569e-02
6.019999999999999657e-02 3.498741629835233624e-02
6.039999999999999536e-02 3.474679729960400421e-02
6.059999999999999415e-02 3.450903777346386869e-02
6.079999999999999294e-02 3.427408864679415412e-02
6.099999999999999173e-02 3.404190209502783171e-02
6.119999999999999746e-02 3.381243139783379759e-02
6.139999999999999625e-02 3.358562985483315444e-02
6.159999999999999504e-02 3.336145430200021522e-02
6.179999999999999383e-02 3.313986002901481154e-02
6.199999999999999262e-02 3.292080433400401684e-02
6.219999999999999141e-02 3.270424531101251420e-02
6.239999999999999714e-02 3.249014203807881751e-02
6.259999999999998899e-02 3.227845488073338709e-02
6.279999999999999472e-02 3.206914411860656289e-02
6.300000000000000044e-02 3.186217100974780836e-02
6.319999999999999230e-02 3.165749846202214890e-02
6.339999999999999802e-02 3.145508965760684950e-02
6.359999999999998987e-02 3.125490855699675219e-02
6.379999999999999560e-02 3.105691990085635013e-02
6.400000000000000133e-02 3.086108916284024950e-02
6.419999999999999318e-02 3.066737017458498471e-02
6.439999999999999891e-02 3.047576689132996952e-02
6.459999999999999076e-02 3.028620980491375514e-02
6.479999999999999649e-02 3.009867946317917875e-02
6.499999999999998834e-02 2.991314479950041294e-02
6.519999999999999407e-02 2.972957527420844182e-02
6.539999999999999980e-02 2.954794099413282638e-02
6.559999999999999165e-02 2.936821266277150899e-02
6.579999999999999738e-02 2.919036156547094585e-02
6.599999999999998923e-02 2.901436049232702930e-02
6.619999999999999496e-02 2.884017998968002594e-02
6.640000000000000069e-02 2.866779393970797507e-02
6.659999999999999254e-02 2.849717481367508576e-02
6.679999999999999827e-02 2.832829855456020507e-02
6.699999999999999012e-02 2.816113868726638492e-02
6.719999999999999585e-02 2.799567019141158131e-02
6.739999999999998770e-02 2.783186852483915397e-02
6.759999999999999343e-02 2.766970961226378201e-02
6.779999999999999916e-02 2.750916983403223215e-02
6.799999999999999101e-02 2.735022601584663482e-02
6.819999999999999674e-02 2.719285541794319583e-02
6.839999999999998859e-02 2.703704808218565514e-02
6.859999999999999432e-02 2.688274503736554077e-02
6.880000000000000004e-02 2.672996185911102884e-02
6.899999999999999190e-02 2.657866509123607557e-02
6.919999999999999762e-02 2.642883402128193282e-02
6.939999999999998948e-02 2.628044831487397204e-02
6.959999999999999520e-02 2.613348800699244467e-02
6.979999999999998705e-02 2.598793348190503449e-02
6.999999999999999278e-02 2.584376551372069564e-02
7.019999999999999851e-02 2.570096518429271226e-02
7.039999999999999036e-02 2.555951392557787027e-02
7.059999999999999609e-02 2.541939349975474993e-02
7.079999999999998794e-02 2.528058599147775531e-02
7.099999999999999367e-02 2.514307380130065273e-02
7.119999999999999940e-02 2.500683968761369114e-02
7.139999999999999125e-02 2.487186657072837370e-02
7.159999999999999698e-02 2.473813780244160654e-02
7.179999999999998883e-02 2.460563698247436593e-02
7.199999999999999456e-02 2.447434799850300990e-02
7.220000000000000029e-02 2.434425504850878941e-02
7.239999999999999214e-02 2.421534254707558009e-02
7.259999999999999787e-02 2.408759466800197702e-02
7.279999999999998972e-02 2.396099689398867305e-02
7.299999999999999545e-02 2.383553478337030462e-02
7.319999999999998730e-02 2.371119329522020092e-02
7.339999999999999303e-02 2.358795818685255341e-02
7.359999999999999876e-02 2.346581541465569964e-02
7.379999999999999061e-02 2.334475115172901516e-02
7.399999999999999634e-02 2.322475180009275775e-02
7.419999999999998819e-02 2.310580398436318239e-02
7.439999999999999392e-02 2.298789454887462114e-02
7.459999999999999964e-02 2.287101055266527183e-02
7.479999999999999150e-02 2.275513929756517451e-02
7.499999999999999722e-02 2.264026819352699116e-02
