0.000000000000000000e+00 0.000000000000000000e+00
1.999999999999999825e-04 3.063168083144082038e-02
3.999999999999999650e-04 5.205428090515443196e-02
5.999999999999999474e-04 7.000986447301708882e-02
7.999999999999999299e-04 8.595879458891535208e-02
1.000000000000000021e-03 1.005554946304108715e-01
1.199999999999999895e-03 1.141597933441927254e-01
1.399999999999999769e-03 1.269946360330446444e-01
1.599999999999999860e-03 1.392094355301043695e-01
1.799999999999999951e-03 1.509099673264620856e-01
2.000000000000000042e-03 1.621741195962831394e-01
2.199999999999999699e-03 1.730609123143076467e-01
2.399999999999999790e-03 1.836160290914995719e-01
2.599999999999999881e-03 1.938754127768738678e-01
2.799999999999999538e-03 2.038677200691917935e-01
2.999999999999999629e-03 2.136160633767813788e-01
3.199999999999999720e-03 2.231392841347904221e-01
3.399999999999999811e-03 2.324529042039020499e-01
3.599999999999999901e-03 2.415698477441031722e-01
3.799999999999999559e-03 2.505009949855414031e-01
4.000000000000000083e-03 2.592556103312684268e-01
4.199999999999999740e-03 2.678416748912977874e-01
4.399999999999999398e-03 2.762661465500466651e-01
4.599999999999999922e-03 2.845351628531486154e-01
4.799999999999999580e-03 2.926542007386800925e-01
4.999999999999999237e-03 3.006282019722771315e-01
5.199999999999999761e-03 3.084616719489555736e-01
5.399999999999999419e-03 3.161587578032544754e-01
5.599999999999999076e-03 3.237233100594509305e-01
5.799999999999999600e-03 3.311589324378437782e-01
5.999999999999999258e-03 3.384690158557151496e-01
6.199999999999999782e-03 3.456567789010304148e-01
6.399999999999999439e-03 3.527252827741495511e-01
6.599999999999999097e-03 3.596774557681658990e-01
6.799999999999999621e-03 3.665161080603501209e-01
6.999999999999999278e-03 3.732439444097332415e-01
7.199999999999999803e-03 3.798635744109664647e-01
7.399999999999999460e-03 3.863775208371333370e-01
7.599999999999999117e-03 3.927882264637966858e-01
7.799999999999999642e-03 3.990980593498430484e-01
8.000000000000000167e-03 4.053093192700306657e-01
8.199999999999998956e-03 4.114242379972246622e-01
8.399999999999999481e-03 4.174449865091944267e-01
8.600000000000000006e-03 4.233736756433084114e-01
8.799999999999998795e-03 4.292123592158550993e-01
8.999999999999999320e-03 4.349630361271826229e-01
9.199999999999999845e-03 4.406276523261085654e-01
9.399999999999998634e-03 4.462081025777621113e-01
9.599999999999999159e-03 4.517062320816243592e-01
9.799999999999999684e-03 4.571238379692857956e-01
9.999999999999998473e-03 4.624626707166614725e-01
1.019999999999999900e-02 4.370927545847739792e-01
1.039999999999999952e-02 4.208565122047023266e-01
1.059999999999999831e-02 4.080134974653487068e-01
1.079999999999999884e-02 3.971049237220770634e-01
1.099999999999999936e-02 3.874779033995417454e-01
1.119999999999999815e-02 3.787741040037981843e-01
1.139999999999999868e-02 3.707720380159942319e-01
1.159999999999999920e-02 3.633237138926818099e-01
1.179999999999999973e-02 3.563247371146632814e-01
1.199999999999999852e-02 3.496985707845022828e-01
1.219999999999999904e-02 3.433875078118471258e-01
1.239999999999999956e-02 3.373471448313071219e-01
1.259999999999999835e-02 3.315427865436611499e-01
1.279999999999999888e-02 3.259469919911973101e-01
1.299999999999999940e-02 3.205378335643802590e-01
1.319999999999999819e-02 3.152976245322045568e-01
1.339999999999999872e-02 3.102119684641835295e-01
1.359999999999999924e-02 3.052690381716066659e-01
1.379999999999999803e-02 3.004590227176794914e-01
1.399999999999999856e-02 2.957737000836501151e-01
1.419999999999999908e-02 2.912061053829205215e-01
1.439999999999999961e-02 2.867502715227090437e-01
1.459999999999999840e-02 2.824010270275276735e-01
1.479999999999999892e-02 2.781538369995999460e-01
1.499999999999999944e-02 2.740046783570603273e-01
1.519999999999999823e-02 2.699499416873526458e-01
1.539999999999999876e-02 2.659863537075305984e-01
1.559999999999999928e-02 2.621109162249565805e-01
1.579999999999999807e-02 2.583208580766308549e-01
1.600000000000000033e-02 2.546135985149648451e-01
1.619999999999999912e-02 2.509867111434406217e-01
1.639999999999999791e-02 2.474379073563275910e-01
1.660000000000000017e-02 2.439650127863011164e-01
1.679999999999999896e-02 2.405659531214552893e-01
1.699999999999999775e-02 2.372387419284566756e-01
1.720000000000000001e-02 2.339814708519256103e-01
1.739999999999999880e-02 2.307923017578540903e-01
1.759999999999999759e-02 2.276694603725252786e-01
1.779999999999999985e-02 2.246112314509162711e-01
1.799999999999999864e-02 2.216159527800352080e-01
1.819999999999999743e-02 2.186820153195571659e-01
1.839999999999999969e-02 2.158078564052466342e-01
1.859999999999999848e-02 2.129919594921948489e-01
1.879999999999999727e-02 2.102328514214576449e-01
1.899999999999999953e-02 2.075291006892751589e-01
1.919999999999999832e-02 2.048793158457538066e-01
1.939999999999999711e-02 2.022821440791443548e-01
1.959999999999999937e-02 1.997362699393199770e-01
1.979999999999999816e-02 1.972404141712373882e-01
1.999999999999999695e-02 1.947933326355952843e-01
2.019999999999999921e-02 2.230254961317396922e-01
2.039999999999999800e-02 2.420949661881171833e-01
2.059999999999999679e-02 2.577426624177718284e-01
2.079999999999999905e-02 2.714278346065395198e-01
2.099999999999999784e-02 2.838038233858520276e-01
2.119999999999999662e-02 2.952294044879784085e-01
2.139999999999999888e-02 3.059264991116765753e-01
2.159999999999999767e-02 3.160435231734146644e-01
2.179999999999999646e-02 3.256852865075265946e-01
2.199999999999999872e-02 3.349287324883279959e-01
2.219999999999999751e-02 3.438319660961806079e-01
2.239999999999999630e-02 3.524397802105088129e-01
2.259999999999999856e-02 3.607872514871862113e-01
2.279999999999999735e-02 3.689021942930261200e-01
2.299999999999999961e-02 3.768069028398252085e-01
2.319999999999999840e-02 3.845194201309682924e-01
2.339999999999999719e-02 3.920544932779992386e-01
2.359999999999999945e-02 3.994242950229989209e-01
2.379999999999999824e-02 4.066389719461981911e-01
2.399999999999999703e-02 4.137070758624327160e-01
2.419999999999999929e-02 4.206358948125227815e-01
2.439999999999999808e-02 4.274317125670047401e-01
2.459999999999999687e-02 4.341000109632832116e-01
2.479999999999999913e-02 4.406456291011677795e-01
2.499999999999999792e-02 4.470728882561803008e-01
2.519999999999999671e-02 4.533856901733049893e-01
2.539999999999999897e-02 4.595875947496325664e-01
2.559999999999999776e-02 4.656818812125361196e-01
2.579999999999999655e-02 4.716715963152615654e-01
2.599999999999999881e-02 4.775595910822917900e-01
2.619999999999999760e-02 4.833485570010690457e-01
2.639999999999999639e-02 4.890410427074525779e-01
2.659999999999999865e-02 4.946394776530562698e-01
2.679999999999999744e-02 5.001461864134835178e-01
2.699999999999999623e-02 5.055634009733398493e-01
2.719999999999999848e-02 5.108932706388520373e-01
2.739999999999999727e-02 5.161378700020076149e-01
2.759999999999999606e-02 5.212992054061849068e-01
2.779999999999999832e-02 5.263792198794789989e-01
2.799999999999999711e-02 5.313797992302887740e-01
2.819999999999999590e-02 5.363027720029094336e-01
2.839999999999999816e-02 5.411499163677395696e-01
2.859999999999999695e-02 5.459229604691290261e-01
2.879999999999999921e-02 5.506235852473971848e-01
2.899999999999999800e-02 5.552534262558421752e-01
2.919999999999999679e-02 5.598140753460331132e-01
2.939999999999999905e-02 5.643070821652445002e-01
2.959999999999999784e-02 5.687339555125161539e-01
2.979999999999999663e-02 5.730961645826463391e-01
2.999999999999999889e-02 5.773951401209262979e-01
3.019999999999999768e-02 5.510005946736732385e-01
3.039999999999999647e-02 5.337546468692641044e-01
3.059999999999999873e-02 5.199165540831196530e-01
3.079999999999999752e-02 5.080272405962833471e-01
3.099999999999999631e-02 4.974335367145401032e-01
3.119999999999999857e-02 4.877768346416750389e-01
3.139999999999999736e-02 4.788353794204998071e-01
3.159999999999999615e-02 4.704609159208066327e-01
3.179999999999999494e-02 4.625487949314279756e-01
3.200000000000000067e-02 4.550222299674541171e-01
3.219999999999999946e-02 4.478232704193301217e-01
3.239999999999999825e-02 4.409072751888489794e-01
3.259999999999999704e-02 4.342393169898126071e-01
3.279999999999999583e-02 4.277917282599197901e-01
3.299999999999999462e-02 4.215423592189881941e-01
3.320000000000000034e-02 4.154733089475389773e-01
3.339999999999999913e-02 4.095699700708037572e-01
3.359999999999999792e-02 4.038203073524097020e-01
3.379999999999999671e-02 3.982143094890944757e-01
3.399999999999999550e-02 3.927435577699890379e-01
3.419999999999999429e-02 3.874009074862220792e-01
3.440000000000000002e-02 3.821801666855467738e-01
3.459999999999999881e-02 3.770760174463464454e-01
3.479999999999999760e-02 3.720837331538083825e-01
3.499999999999999639e-02 3.671991154111661215e-01
3.519999999999999518e-02 3.624183834280292338e-01
3.539999999999999397e-02 3.577380963757989529e-01
3.559999999999999970e-02 3.531550922466656917e-01
3.579999999999999849e-02 3.486664396942862343e-01
3.599999999999999728e-02 3.442694013238689066e-01
3.619999999999999607e-02 3.399613975350517237e-01
3.639999999999999486e-02 3.357399898702250751e-01
3.659999999999999365e-02 3.316028573802282109e-01
3.679999999999999938e-02 3.275477823483248785e-01
3.699999999999999817e-02 3.235726380367213717e-01
3.719999999999999696e-02 3.196753788047044798e-01
3.739999999999999575e-02 3.158540321745688106e-01
3.759999999999999454e-02 3.121066923953844108e-01
3.779999999999999333e-02 3.084315155383683948e-01
3.799999999999999906e-02 3.048267134293789482e-01
3.819999999999999785e-02 3.012905537207316020e-01
3.839999999999999664e-02 2.978213530278250309e-01
3.859999999999999543e-02 2.944174766074972860e-01
3.879999999999999422e-02 2.910773355616290692e-01
3.899999999999999994e-02 2.877993850451917024e-01
3.919999999999999873e-02 2.845821226054698894e-01
3.939999999999999752e-02 2.814240867085694431e-01
3.959999999999999631e-02 2.783238554067874460e-01
3.979999999999999510e-02 2.752800451297370277e-01
3.999999999999999389e-02 2.722913095027992281e-01
4.019999999999999962e-02 2.999880191930466844e-01
4.039999999999999841e-02 3.185281375995367981e-01
4.059999999999999720e-02 3.336524882219619736e-01
4.079999999999999599e-02 3.468202265225992509e-01
4.099999999999999478e-02 3.586846008272893127e-01
4.119999999999999357e-02 3.696042964718531110e-01
4.139999999999999930e-02 3.798011448802999235e-01
4.159999999999999809e-02 3.894234765957119704e-01
4.179999999999999688e-02 3.985760152066543105e-01
4.199999999999999567e-02 4.073356205579635736e-01
4.219999999999999446e-02 4.157603156193582228e-01
4.239999999999999325e-02 4.238948128667319182e-01
4.259999999999999898e-02 4.317741099984415132e-01
4.279999999999999777e-02 4.394259440400052896e-01
4.299999999999999656e-02 4.468725333021171808e-01
4.319999999999999535e-02 4.541318463179850884e-01
4.339999999999999414e-02 4.612185571785643035e-01
4.359999999999999293e-02 4.681447669407998724e-01
4.379999999999999866e-02 4.749205518659317948e-01
4.399999999999999745e-02 4.815543947640915645e-01
4.419999999999999624e-02 4.880535036013829431e-01
4.439999999999999503e-02 4.944241327593849045e-01
4.459999999999999382e-02 5.006716617748638853e-01
4.479999999999999261e-02 5.068008780771274813e-01
4.499999999999999833e-02 5.128160400900075855e-01
4.519999999999999712e-02 5.187209878564960075e-01
4.539999999999999591e-02 5.245192206960185288e-01
4.559999999999999470e-02 5.302139583579366100e-01
4.579999999999999349e-02 5.358081891930167595e-01
4.599999999999999922e-02 5.413047078124746392e-01
4.619999999999999801e-02 5.467061475224600509e-01
4.639999999999999680e-02 5.520150025672314609e-01
4.659999999999999559e-02 5.572336470912756523e-01
4.679999999999999438e-02 5.623643542485983193e-01
4.699999999999999317e-02 5.674093026373008275e-01
4.719999999999999890e-02 5.723705900652376055e-01
4.739999999999999769e-02 5.772502405296258132e-01
4.759999999999999648e-02 5.820502106634957151e-01
4.779999999999999527e-02 5.867723946504022070e-01
4.799999999999999406e-02 5.914186303017225921e-01
4.819999999999999285e-02 5.959906989945653599e-01
4.839999999999999858e-02 6.004903325445567486e-01
4.859999999999999737e-02 6.049192135368396395e-01
4.879999999999999616e-02 6.092789781315343101e-01
4.899999999999999495e-02 6.135712178646990367e-01
4.919999999999999374e-02 6.177974813178718216e-01
4.939999999999999253e-02 6.219592756001761646e-01
4.959999999999999826e-02 6.260580676894320629e-01
4.979999999999999705e-02 6.300952856493035048e-01
4.999999999999999584e-02 6.340723198190286736e-01
5.019999999999999463e-02 6.073588429755096829e-01
5.039999999999999342e-02 5.897969346508432631e-01
5.059999999999999221e-02 5.756458137713775791e-01
5.079999999999999793e-02 5.634463668033937722e-01
5.099999999999999672e-02 5.525453868594769613e-01
5.119999999999999551e-02 5.425842295594882625e-01
5.139999999999999430e-02 5.333411039594617709e-01
5.159999999999999309e-02 5.246677195277689165e-01
5.179999999999999882e-02 5.164593922256716096e-01
5.199999999999999761e-02 5.086393013032258770e-01
5.219999999999999640e-02 5.011494624374382978e-01
5.239999999999999519e-02 4.939452013575081901e-01
5.259999999999999398e-02 4.869915581348695510e-01
5.279999999999999277e-02 4.802608330863240016e-01
5.299999999999999850e-02 4.737308448167137920e-01
5.319999999999999729e-02 4.673836612958580661e-01
5.339999999999999608e-02 4.612046445238801029e-01
5.359999999999999487e-02 4.551817291302218127e-01
5.379999999999999366e-02 4.493048741410570757e-01
5.399999999999999245e-02 4.435656316405119926e-01
5.419999999999999818e-02 4.379568281690367493e-01
5.439999999999999697e-02 4.324722434695222884e-01
5.459999999999999576e-02 4.271065317528276450e-01
5.479999999999999455e-02 4.218549389659476123e-01
5.499999999999999334e-02 4.167132396950270490e-01
5.519999999999999213e-02 4.116776265459952677e-01
5.539999999999999786e-02 4.067446324922729395e-01
5.559999999999999665e-02 4.019110697262318621e-01
5.579999999999999544e-02 3.971739814926632528e-01
5.599999999999999423e-02 3.925306044343327971e-01
5.619999999999999302e-02 3.879783361624717930e-01
5.639999999999999181e-02 3.835147130179738517e-01
5.659999999999999754e-02 3.791373911140636377e-01
5.679999999999999633e-02 3.748441272312838524e-01
5.699999999999999512e-02 3.706327723874106028e-01
5.719999999999999390e-02 3.665012580761842220e-01
5.739999999999999269e-02 3.624475892917695119e-01
5.759999999999999842e-02 3.584698380868032719e-01
5.779999999999999721e-02 3.545661386614409882e-01
5.799999999999999600e-02 3.507346812903272548e-01
5.819999999999999479e-02 3.469737123887743357e-01
5.839999999999999358e-02 3.432815276435601803e-01
5.859999999999999237e-02 3.396564716861281141e-01
5.879999999999999810e-02 3.360969352907225982e-01
5.899999999999999689e-02 3.326013535772432417e-01
5.919999999999999568e-02 3.291682043453313389e-01
5.939999999999999447e-02 3.257960065958657170e-01
5.959999999999999326e-02 3.224833191936345433e-01
5.979999999999999205e-02 3.192287396532363930e-01
5.999999999999999778e-02 3.160309029532782921e-01
6.019999999999999657e-02 3.435201613773636864e-01
6.039999999999999536e-02 3.618544601999896804e-01
6.059999999999999415e-02 3.767746050508888334e-01
6.079999999999999294e-02 3.897397337723504940e-01
6.099999999999999173e-02 4.014030773162740595e-01
6.119999999999999746e-02 4.121233038368873336e-01
6.139999999999999625e-02 4.221222279547933720e-01
6.159999999999999504e-02 4.315481635067864863e-01
6.179999999999999383e-02 4.405058176465642683e-01
6.199999999999999262e-02 4.490720340047000825e-01
6.219999999999999141e-02 4.573048195256066428e-01
6.239999999999999714e-02 4.652488709321909166e-01
6.259999999999998899e-02 4.729391708910676839e-01
6.279999999999999472e-02 4.804034405576353417e-01
6.300000000000000044e-02 4.876638827592530978e-01
6.319999999999999230e-02 4.947384515976861463e-01
6.339999999999999802e-02 5.016418063757106527e-01
6.359999999999998987e-02 5.083860336085020970e-01
6.379999999999999560e-02 5.149811952188818598e-01
6.400000000000000133e-02 5.214357598723485809e-01
6.419999999999999318e-02 5.277569215797066615e-01
6.439999999999999891e-02 5.339509209525263866e-01
6.459999999999999076e-02 5.400231239404522654e-01
6.479999999999999649e-02 5.459783045324113626e-01
6.499999999999998834e-02 5.518207079868266973e-01
6.519999999999999407e-02 5.575541612541855541e-01
6.539999999999999980e-02 5.631821507668268723e-01
6.559999999999999165e-02 5.687078835550138933e-01
6.579999999999999738e-02 5.741343354156607237e-01
6.599999999999998923e-02 5.794642885692635748e-01
6.619999999999999496e-02 5.847003640909583799e-01
6.640000000000000069e-02 5.898450441649614184e-01
6.659999999999999254e-02 5.949006909935802279e-01
6.679999999999999827e-02 5.998695659776722700e-01
6.699999999999999012e-02 6.047538361006759011e-01
6.719999999999999585e-02 6.095555877038674186e-01
6.739999999999998770e-02 6.142768334638233352e-01
6.759999999999999343e-02 6.189195188366261036e-01
6.779999999999999916e-02 6.234855269694654645e-01
6.799999999999999101e-02 6.279766847774531646e-01
6.819999999999999674e-02 6.323947628777630836e-01
6.839999999999998859e-02 6.367414948183887091e-01
6.859999999999999432e-02 6.410185156215050251e-01
6.880000000000000004e-02 6.452274881570867482e-01
6.899999999999999190e-02 6.493699813720863467e-01
6.919999999999999762e-02 6.534475337426882691e-01
6.939999999999998948e-02 6.574616423977529545e-01
6.959999999999999520e-02 6.614137644574351604e-01
6.979999999999998705e-02 6.653053182501208473e-01
6.999999999999999278e-02 6.691376844983418781e-01
7.019999999999999851e-02 6.422805264800842684e-01
7.039999999999999036e-02 6.245759143443493366e-01
7.059999999999999609e-02 6.102830577493379982e-01
7.079999999999998794e-02 5.979428340045858103e-01
7.099999999999999367e-02 5.869020271776512754e-01
7.119999999999999940e-02 5.768019840012816868e-01
7.139999999999999125e-02 5.674209046121964084e-01
7.159999999999999698e-02 5.586104898007442365e-01
7.179999999999998883e-02 5.502660469144101674e-01
7.199999999999999456e-02 5.423107466966198276e-01
7.220000000000000029e-02 5.346865964533213944e-01
7.239999999999999214e-02 5.273489135874908085e-01
7.259999999999999787e-02 5.202627294374602140e-01
7.279999999999998972e-02 5.134003367313926258e-01
7.299999999999999545e-02 5.067395464074849754e-01
7.319999999999998730e-02 5.002624180104067175e-01
7.339999999999999303e-02 4.939543057682587168e-01
7.359999999999999876e-02 4.878031365799938568e-01
7.379999999999999061e-02 4.817988618237502574e-01
7.399999999999999634e-02 4.759330260229366338e-01
7.419999999999998819e-02 4.701984482419624967e-01
7.439999999999999392e-02 4.645889008357778627e-01
7.459999999999999964e-02 4.590990307117415181e-01
7.479999999999999150e-02 4.537240766290321359e-01
7.499999999999999722e-02 4.484598059711737417e-01
