0.000000000000000000e+00 0.000000000000000000e+00
1.999999999999999825e-04 3.063168083144082038e-02
3.999999999999999650e-04 5.205428090515443196e-02
5.999999999999999474e-04 7.000986447301708882e-02
7.999999999999999299e-04 8.595879458891535208e-02
1.000000000000000021e-03 1.005554946304108715e-01
1.199999999999999895e-03 1.141597933441927254e-01
1.399999999999999769e-03 1.269946360330446444e-01
1.599999999999999860e-03 1.392094355301043695e-01
1.799999999999999951e-03 1.509099673264620856e-01
2.000000000000000042e-03 1.621741195962831394e-01
2.199999999999999699e-03 1.730609123143076467e-01
2.399999999999999790e-03 1.836160290914995719e-01
2.599999999999999881e-03 1.938754127768738678e-01
2.799999999999999538e-03 2.038677200691917935e-01
2.999999999999999629e-03 2.136160633767813788e-01
3.199999999999999720e-03 2.231392841347904221e-01
3.399999999999999811e-03 2.324529042039020499e-01
3.599999999999999901e-03 2.415698477441031722e-01
3.799999999999999559e-03 2.505009949855414031e-01
4.000000000000000083e-03 2.592556103312684268e-01
4.199999999999999740e-03 2.678416748912977874e-01
4.399999999999999398e-03 2.762661465500466651e-01
4.599999999999999922e-03 2.845351628531486154e-01
4.799999999999999580e-03 2.926542007386800925e-01
4.999999999999999237e-03 3.006282019722771315e-01
5.199999999999999761e-03 3.084616719489555736e-01
5.399999999999999419e-03 3.161587578032544754e-01
5.599999999999999076e-03 3.237233100594509305e-01
5.799999999999999600e-03 3.311589324378437782e-01
5.999999999999999258e-03 3.384690158557151496e-01
6.199999999999999782e-03 3.456567789010304148e-01
6.399999999999999439e-03 3.527252827741495511e-01
6.599999999999999097e-03 3.596774557681658990e-01
6.799999999999999621e-03 3.665161080603501209e-01
6.999999999999999278e-03 3.732439444097332415e-01
7.199999999999999803e-03 3.798635744109664647e-01
7.399999999999999460e-03 3.863775208371333370e-01
7.599999999999999117e-03 3.927882264637966858e-01
7.799999999999999642e-03 3.990980593498430484e-01
8.000000000000000167e-03 4.053093192700306657e-01
8.199999999999998956e-03 4.114242379972246622e-01
8.399999999999999481e-03 4.174449865091944267e-01
8.600000000000000006e-03 4.233736756433084114e-01
8.799999999999998795e-03 4.292123592158550993e-01
8.999999999999999320e-03 4.349630361271826229e-01
9.199999999999999845e-03 4.406276523261085654e-01
9.399999999999998634e-03 4.462081025777621113e-01
9.599999999999999159e-03 4.517062320816243592e-01
9.799999999999999684e-03 4.571238379692857956e-01
9.999999999999998473e-03 4.624626707166614725e-01
1.019999999999999900e-02 4.370927545847739792e-01
1.039999999999999952e-02 4.208565122047023266e-01
1.059999999999999831e-02 4.080134974653487068e-01
1.079999999999999884e-02 3.971049237220770634e-01
1.099999999999999936e-02 3.874779033995417454e-01
1.119999999999999815e-02 3.787741040037981843e-01
1.139999999999999868e-02 3.707720380159942319e-01
1.159999999999999920e-02 3.633237138926818099e-01
1.179999999999999973e-02 3.563247371146632814e-01
1.199999999999999852e-02 3.496985707845022828e-01
1.219999999999999904e-02 3.433875078118471258e-01
1.239999999999999956e-02 3.373471448313071219e-01
1.259999999999999835e-02 3.315427865436611499e-01
1.279999999999999888e-02 3.259469919911973101e-01
1.299999999999999940e-02 3.205378335643802590e-01
1.319999999999999819e-02 3.152976245322045568e-01
1.339999999999999872e-02 3.102119684641835295e-01
1.359999999999999924e-02 3.052690381716066659e-01
1.379999999999999803e-02 3.004590227176794914e-01
1.399999999999999856e-02 2.957737000836501151e-01
1.419999999999999908e-02 2.912061053829205215e-01
1.439999999999999961e-02 2.867502715227090437e-01
1.459999999999999840e-02 2.824010270275276735e-01
1.479999999999999892e-02 2.781538369995999460e-01
1.499999999999999944e-02 2.740046783570603273e-01
1.519999999999999823e-02 2.699499416873526458e-01
1.539999999999999876e-02 2.659863537075305984e-01
1.559999999999999928e-02 2.621109162249565805e-01
1.579999999999999807e-02 2.583208580766308549e-01
1.600000000000000033e-02 2.546135985149648451e-01
1.619999999999999912e-02 2.509867111434406217e-01
1.639999999999999791e-02 2.474379073563275910e-01
1.660000000000000017e-02 2.439650127863011164e-01
1.679999999999999896e-02 2.405659531214552893e-01
1.699999999999999775e-02 2.372387419284566756e-01
1.720000000000000001e-02 2.339814708519256103e-01
1.739999999999999880e-02 2.307923017578540903e-01
1.759999999999999759e-02 2.276694603725252786e-01
1.779999999999999985e-02 2.246112314509162711e-01
1.799999999999999864e-02 2.216159527800352080e-01
1.819999999999999743e-02 2.186820153195571659e-01
1.839999999999999969e-02 2.158078564052466342e-01
1.859999999999999848e-02 2.129919594921948489e-01
1.879999999999999727e-02 2.102328514214576449e-01
1.899999999999999953e-02 2.075291006892751589e-01
1.919999999999999832e-02 2.048793158457538066e-01
1.939999999999999711e-02 2.022821440791443548e-01
1.959999999999999937e-02 1.997362699393199770e-01
1.979999999999999816e-02 1.972404141712373882e-01
1.999999999999999695e-02 1.947933326355952843e-01
2.019999999999999921e-02 1.923938153002988649e-01
2.039999999999999800e-02 1.900406852829627513e-01
2.059999999999999679e-02 1.877327979447547257e-01
2.079999999999999905e-02 1.854690400176241538e-01
2.099999999999999784e-02 1.832483287554411699e-01
2.119999999999999662e-02 1.810696111437856692e-01
2.139999999999999888e-02 1.789318630786319586e-01
2.159999999999999767e-02 1.768340876433103226e-01
2.179999999999999646e-02 1.747753191810644813e-01
2.199999999999999872e-02 1.727546128920448565e-01
2.219999999999999751e-02 1.707710537818729613e-01
2.239999999999999630e-02 1.688237511190092688e-01
2.259999999999999856e-02 1.669118387103123435e-01
2.279999999999999735e-02 1.650344742238343265e-01
2.299999999999999961e-02 1.631908394630438019e-01
2.319999999999999840e-02 1.613801359961778426e-01
2.339999999999999719e-02 1.596015890740971610e-01
2.359999999999999945e-02 1.578544472788957487e-01
2.379999999999999824e-02 1.561379769606567880e-01
2.399999999999999703e-02 1.544514655311642892e-01
2.419999999999999929e-02 1.527942199212249941e-01
2.439999999999999808e-02 1.511655660169580750e-01
2.459999999999999687e-02 1.495648481101345961e-01
2.479999999999999913e-02 1.479914283624876870e-01
2.499999999999999792e-02 1.464446862839031693e-01
2.519999999999999671e-02 1.449240182243494157e-01
2.539999999999999897e-02 1.434288369463780910e-01
2.559999999999999776e-02 1.419585711530851890e-01
2.579999999999999655e-02 1.405126638774177872e-01
2.599999999999999881e-02 1.390905752265766404e-01
2.619999999999999760e-02 1.376917781000386309e-01
2.639999999999999639e-02 1.363157599333030268e-01
2.659999999999999865e-02 1.349620218848903708e-01
2.679999999999999744e-02 1.336300783531333414e-01
2.699999999999999623e-02 1.323194565636066633e-01
2.719999999999999848e-02 1.310296962278855171e-01
2.739999999999999727e-02 1.297603491648742224e-01
2.759999999999999606e-02 1.285109789423881654e-01
2.779999999999999832e-02 1.272811605296360060e-01
2.799999999999999711e-02 1.260704799602581083e-01
2.819999999999999590e-02 1.248785340056848270e-01
2.839999999999999816e-02 1.237049298585450874e-01
2.859999999999999695e-02 1.225492848258206147e-01
2.879999999999999921e-02 1.214112260315420855e-01
2.899999999999999800e-02 1.202903901286594968e-01
2.919999999999999679e-02 1.191864230199245478e-01
2.939999999999999905e-02 1.180989795874823889e-01
2.959999999999999784e-02 1.170277234308918501e-01
2.979999999999999663e-02 1.159723266133605435e-01
2.999999999999999889e-02 1.149324694042648254e-01
3.019999999999999768e-02 1.139078400888993148e-01
3.039999999999999647e-02 1.128981346645617778e-01
3.059999999999999873e-02 1.119030566177708907e-01
3.079999999999999752e-02 1.109223168742061727e-01
3.099999999999999631e-02 1.099556333149983578e-01
3.119999999999999857e-02 1.090027306378767991e-01
3.139999999999999736e-02 1.080633414045055751e-01
3.159999999999999615e-02 1.071372020281248227e-01
3.179999999999999494e-02 1.062240578167646943e-01
3.200000000000000067e-02 1.053236591829518343e-01
3.219999999999999946e-02 1.044357626074829959e-01
3.239999999999999825e-02 1.035601303575418575e-01
3.259999999999999704e-02 1.026965304461514572e-01
3.279999999999999583e-02 1.018447362687224800e-01
3.299999999999999462e-02 1.010045256546079351e-01
3.320000000000000034e-02 1.001756844153344206e-01
3.339999999999999913e-02 9.935800160662022762e-02
3.359999999999999792e-02 9.855126918080303611e-02
3.379999999999999671e-02 9.775528677141498424e-02
3.399999999999999550e-02 9.696985768633892278e-02
3.419999999999999429e-02 9.619480210330155767e-02
3.440000000000000002e-02 9.542989516283773010e-02
3.459999999999999881e-02 9.467499041881877186e-02
3.479999999999999760e-02 9.392989615420843652e-02
3.499999999999999639e-02 9.319443705410579426e-02
3.519999999999999518e-02 9.246844174067658795e-02
3.539999999999999397e-02 9.175174266826835456e-02
3.559999999999999970e-02 9.104417602170911117e-02
3.579999999999999849e-02 9.034558161765537943e-02
3.599999999999999728e-02 8.965580280890406151e-02
3.619999999999999607e-02 8.897468639161110193e-02
3.639999999999999486e-02 8.830208251389748408e-02
3.659999999999999365e-02 8.763784459392709447e-02
3.679999999999999938e-02 8.698182922686958918e-02
3.699999999999999817e-02 8.633389610826469607e-02
3.719999999999999696e-02 8.569390795277886941e-02
3.739999999999999575e-02 8.506173041671472035e-02
3.759999999999999454e-02 8.443723202285913221e-02
3.779999999999999333e-02 8.382028408745212378e-02
3.799999999999999906e-02 8.321076064934374017e-02
3.819999999999999785e-02 8.260853840117443614e-02
3.839999999999999664e-02 8.201349662257839679e-02
3.859999999999999543e-02 8.142551711530243708e-02
3.879999999999999422e-02 8.084448414017142426e-02
3.899999999999999994e-02 8.027028435591654354e-02
3.919999999999999873e-02 7.970280675971608275e-02
3.939999999999999752e-02 7.914194262942508828e-02
3.959999999999999631e-02 7.858758546746746898e-02
3.979999999999999510e-02 7.803963095849963949e-02
3.999999999999999389e-02 7.749797686720394374e-02
4.019999999999999962e-02 7.696252306130701992e-02
4.039999999999999841e-02 7.643317141141958704e-02
4.059999999999999720e-02 7.590982580419014525e-02
4.079999999999999599e-02 7.539239191605973112e-02
4.099999999999999478e-02 7.488077744143728509e-02
4.119999999999999357e-02 7.437489198387470246e-02
4.139999999999999930e-02 7.387464576862334820e-02
4.159999999999999809e-02 7.337995342229730600e-02
4.179999999999999688e-02 7.289072869912771591e-02
4.199999999999999567e-02 7.240688806963557766e-02
4.219999999999999446e-02 7.192834952317761488e-02
4.239999999999999325e-02 7.145503265622310529e-02
4.259999999999999898e-02 7.098685851125530188e-02
4.279999999999999777e-02 7.052374974697916965e-02
4.299999999999999656e-02 7.006563046229197234e-02
4.319999999999999535e-02 6.961242618701679596e-02
4.339999999999999414e-02 6.916406390056506481e-02
4.359999999999999293e-02 6.872047191780095154e-02
4.379999999999999866e-02 6.828157991973360375e-02
4.399999999999999745e-02 6.784731890165884849e-02
4.419999999999999624e-02 6.741760878886016162e-02
4.439999999999999503e-02 6.699242019238016432e-02
4.459999999999999382e-02 6.657165081158067377e-02
4.479999999999999261e-02 6.615524897595970177e-02
4.499999999999999833e-02 6.574315183382728467e-02
4.519999999999999712e-02 6.533529768319101816e-02
4.539999999999999591e-02 6.493162594638590690e-02
4.559999999999999470e-02 6.453207714540043494e-02
4.579999999999999349e-02 6.413659287775519413e-02
4.599999999999999922e-02 6.374511673018279367e-02
4.619999999999999801e-02 6.335759052139100511e-02
4.639999999999999680e-02 6.297395985977893851e-02
4.659999999999999559e-02 6.259416943821938251e-02
4.679999999999999438e-02 6.221816783511480153e-02
4.699999999999999317e-02 6.184590166396097821e-02
4.719999999999999890e-02 6.147731942638567926e-02
4.739999999999999769e-02 6.111237052761830935e-02
4.759999999999999648e-02 6.075100525731091938e-02
4.779999999999999527e-02 6.039317477092309705e-02
4.799999999999999406e-02 6.003883107143381803e-02
4.819999999999999285e-02 5.968792699165592630e-02
4.839999999999999858e-02 5.934041617681728997e-02
4.859999999999999737e-02 5.899625306771061339e-02
4.879999999999999616e-02 5.865539288413712526e-02
4.899999999999999495e-02 5.831779160885697255e-02
4.919999999999999374e-02 5.798340597183870848e-02
4.939999999999999253e-02 5.765219343493166448e-02
4.959999999999999826e-02 5.732411217691590899e-02
4.979999999999999705e-02 5.699912106665716571e-02
4.999999999999999584e-02 5.667717969810237566e-02
5.019999999999999463e-02 5.635824830183644440e-02
5.039999999999999342e-02 5.604228778157904767e-02
5.059999999999999221e-02 5.572925968825792609e-02
5.079999999999999793e-02 5.541912620711053616e-02
5.099999999999999672e-02 5.511185014493691359e-02
5.119999999999999551e-02 5.480739491781327910e-02
5.139999999999999430e-02 5.450572453896196379e-02
5.159999999999999309e-02 5.420680360696228384e-02
5.179999999999999882e-02 5.391059729424363400e-02
5.199999999999999761e-02 5.361707133577175988e-02
5.219999999999999640e-02 5.332619201810817611e-02
5.239999999999999519e-02 5.303792616865921072e-02
5.259999999999999398e-02 5.275224114505694395e-02
5.279999999999999277e-02 5.246910482640421147e-02
5.299999999999999850e-02 5.218848559772559792e-02
5.319999999999999729e-02 5.191035234831908873e-02
5.339999999999999608e-02 5.163467445307634573e-02
5.359999999999999487e-02 5.136142177781211071e-02
5.379999999999999366e-02 5.109056465196260000e-02
5.399999999999999245e-02 5.082207387052295466e-02
5.419999999999999818e-02 5.055592068281467011e-02
5.439999999999999697e-02 5.029207678397551451e-02
5.459999999999999576e-02 5.003051430648119968e-02
5.479999999999999455e-02 4.977120581213922978e-02
5.499999999999999334e-02 4.951412428386092746e-02
5.519999999999999213e-02 4.925924311796603394e-02
5.539999999999999786e-02 4.900653611647398655e-02
5.559999999999999665e-02 4.875597747956617045e-02
5.579999999999999544e-02 4.850754179837701852e-02
5.599999999999999423e-02 4.826120311046389055e-02
5.619999999999999302e-02 4.801693862742006935e-02
5.639999999999999181e-02 4.777472314774877660e-02
5.659999999999999754e-02 4.753453373383542679e-02
5.679999999999999633e-02 4.729634488295897388e-02
5.699999999999999512e-02 4.706013435068923112e-02
5.719999999999999390e-02 4.682587927147974227e-02
5.739999999999999269e-02 4.659355711720070126e-02
5.759999999999999842e-02 4.636314569141886111e-02
5.779999999999999721e-02 4.613462312307259339e-02
5.799999999999999600e-02 4.590796786094830662e-02
5.819999999999999479e-02 4.568315866804273373e-02
5.839999999999999358e-02 4.546017461573514939e-02
5.859999999999999237e-02 4.523899507863082814e-02
5.879999999999999810e-02 4.501959972909352903e-02
5.899999999999999689e-02 4.480196853205153928e-02
5.919999999999999568e-02 4.458608173986144951e-02
5.939999999999999447e-02 4.437191988729627390e-02
5.959999999999999326e-02 4.415946378684709739e-02
5.979999999999999205e-02 4.394869452349936534e-02
5.999999999999999778e-02 4.373959345047906400e-02
6.019999999999999657e-02 4.353214218431700200e-02
6.039999999999999536e-02 4.332632260045288231e-02
6.059999999999999415e-02 4.312211682892685971e-02
6.079999999999999294e-02 4.291950724975124309e-02
6.099999999999999173e-02 4.271847648898474681e-02
6.119999999999999746e-02 4.251900736503422262e-02
6.139999999999999625e-02 4.232108307449344853e-02
6.159999999999999504e-02 4.212468691107451590e-02
6.179999999999999383e-02 4.192980243990995781e-02
6.199999999999999262e-02 4.173641344673650888e-02
6.219999999999999141e-02 4.154450390624842004e-02
6.239999999999999714e-02 4.135405806545899843e-02
6.259999999999998899e-02 4.116506089262617074e-02
6.279999999999999472e-02 4.097749651763005208e-02
6.300000000000000044e-02 4.079134945713591698e-02
6.319999999999999230e-02 4.060660527970105793e-02
6.339999999999999802e-02 4.042324919714634923e-02
6.359999999999998987e-02 4.024126666770222460e-02
6.379999999999999560e-02 4.006064335295012047e-02
6.400000000000000133e-02 3.988136510825701642e-02
6.419999999999999318e-02 3.970341797832377395e-02
6.439999999999999891e-02 3.952678819314148218e-02
6.459999999999999076e-02 3.935146216558838006e-02
6.479999999999999649e-02 3.917742645528388135e-02
6.499999999999998834e-02 3.900466789681911184e-02
6.519999999999999407e-02 3.883317339768954657e-02
6.539999999999999980e-02 3.866293007080834343e-02
6.559999999999999165e-02 3.849392519707739435e-02
6.579999999999999738e-02 3.832614622264396420e-02
6.599999999999998923e-02 3.815958075678893557e-02
6.619999999999999496e-02 3.799421656849832907e-02
6.640000000000000069e-02 3.783004159772995756e-02
6.659999999999999254e-02 3.766704390230457555e-02
6.679999999999999827e-02 3.750521172907406164e-02
6.699999999999999012e-02 3.734453346337496260e-02
6.719999999999999585e-02 3.718499763862981311e-02
6.739999999999998770e-02 3.702659293419752196e-02
6.759999999999999343e-02 3.686930817313027742e-02
6.779999999999999916e-02 3.671313231906336849e-02
6.799999999999999101e-02 3.655805447573057254e-02
6.819999999999999674e-02 3.640406388319772368e-02
6.839999999999998859e-02 3.625116227383196055e-02
6.859999999999999432e-02 3.609930208466538559e-02
6.880000000000000004e-02 3.594851002555243813e-02
6.899999999999999190e-02 3.579876350738719903e-02
6.919999999999999762e-02 3.565005242481644743e-02
6.939999999999998948e-02 3.550236679757678981e-02
6.959999999999999520e-02 3.535569676800309757e-02
6.979999999999998705e-02 3.521003260081734254e-02
6.999999999999999278e-02 3.506536467931320455e-02
7.019999999999999851e-02 3.492168350457458548e-02
7.039999999999999036e-02 3.477897969350607354e-02
7.059999999999999609e-02 3.463724397796041909e-02
7.079999999999998794e-02 3.449646720119192711e-02
7.099999999999999367e-02 3.435664031817431407e-02
7.119999999999999940e-02 3.421775444179331327e-02
7.139999999999999125e-02 3.407980065273463754e-02
7.159999999999999698e-02 3.394277027297532001e-02
7.179999999999998883e-02 3.380665468873855772e-02
7.199999999999999456e-02 3.367144539339395060e-02
7.220000000000000029e-02 3.353713401588309662e-02
7.239999999999999214e-02 3.340371222998261835e-02
7.259999999999999787e-02 3.327117130259071853e-02
7.279999999999998972e-02 3.313950364506867974e-02
7.299999999999999545e-02 3.300870159077118338e-02
7.319999999999998730e-02 3.287875671454865145e-02
7.339999999999999303e-02 3.274966124437861392e-02
7.359999999999999876e-02 3.262140744977204410e-02
7.379999999999999061e-02 3.249398768269318172e-02
7.399999999999999634e-02 3.236739438242464129e-02
7.419999999999998819e-02 3.224162007292574739e-02
7.439999999999999392e-02 3.211665736625557432e-02
7.459999999999999964e-02 3.199249895891387308e-02
7.479999999999999150e-02 3.186913766308452356e-02
7.499999999999999722e-02 3.174656627614669269e-02
