0.000000000000000000e+00 0.000000000000000000e+00
1.999999999999999825e-04 2.552566876676335902e-02
3.999999999999999650e-04 3.493307009060699769e-02
5.999999999999999474e-04 4.009170307030950758e-02
7.999999999999999299e-04 4.349619195119084486e-02
1.000000000000000021e-03 4.597546734316653588e-02
1.199999999999999895e-03 4.789440887323257595e-02
1.399999999999999769e-03 4.944246719962935160e-02
1.599999999999999860e-03 5.072932909018965097e-02
1.799999999999999951e-03 5.182361929030242231e-02
2.000000000000000042e-03 5.277084067202125056e-02
2.199999999999999699e-03 5.360255992130912028e-02
2.399999999999999790e-03 5.434148344078316289e-02
2.599999999999999881e-03 5.500443565210756669e-02
2.799999999999999538e-03 5.560419508953028805e-02
2.999999999999999629e-03 5.615067296289041193e-02
3.199999999999999720e-03 5.665169604286926508e-02
3.399999999999999811e-03 5.711354231509627177e-02
3.599999999999999901e-03 5.754131681259443826e-02
3.799999999999999559e-03 5.793922126425510993e-02
4.000000000000000083e-03 5.831075138931787055e-02
4.199999999999999740e-03 5.865884353681857788e-02
4.399999999999999398e-03 5.898598608836423673e-02
4.599999999999999922e-03 5.929430416121826003e-02
4.799999999999999580e-03 5.958562587015838602e-02
4.999999999999999237e-03 5.986153417713577229e-02
5.199999999999999761e-03 6.012340800431583560e-02
5.399999999999999419e-03 6.037245529742675532e-02
5.599999999999999076e-03 6.060973963718686158e-02
5.799999999999999600e-03 6.083620289751769800e-02
5.999999999999999258e-03 6.105267829631984972e-02
6.199999999999999782e-03 6.125991476933694002e-02
6.399999999999999439e-03 6.145857959362954759e-02
6.599999999999999097e-03 6.164927348631580456e-02
6.799999999999999621e-03 6.183253828493361776e-02
6.999999999999999278e-03 6.200886428074834505e-02
7.199999999999999803e-03 6.217869644448715399e-02
7.399999999999999460e-03 6.234243975609279204e-02
7.599999999999999117e-03 6.250046378047315054e-02
7.799999999999999642e-03 6.265310627036357882e-02
8.000000000000000167e-03 6.280067834074977429e-02
8.199999999999998956e-03 6.294346379695356375e-02
8.399999999999999481e-03 6.308172560252171823e-02
8.600000000000000006e-03 6.321570594275446875e-02
8.799999999999998795e-03 6.334562884971962904e-02
8.999999999999999320e-03 6.347170187197911928e-02
9.199999999999999845e-03 6.359411763456389310e-02
9.399999999999998634e-03 6.371305521320745624e-02
9.599999999999999159e-03 6.382868135542360544e-02
9.799999999999999684e-03 6.394115156834254132e-02
9.999999999999998473e-03 6.405061110190997387e-02
1.019999999999999900e-02 3.863152700271105244e-02
1.039999999999999952e-02 2.932796271423668971e-02
1.059999999999999831e-02 2.427053844117615239e-02
1.079999999999999884e-02 2.096474195719575523e-02
1.099999999999999936e-02 1.858174796564850823e-02
1.119999999999999815e-02 1.675677593895855827e-02
1.139999999999999868e-02 1.530046860175016815e-02
1.159999999999999920e-02 1.410322822848560087e-02
1.179999999999999973e-02 1.309651034062869757e-02
1.199999999999999852e-02 1.223489355859348066e-02
1.219999999999999904e-02 1.148688458786753519e-02
1.239999999999999956e-02 1.082984743473650729e-02
1.259999999999999835e-02 1.024702440839944662e-02
1.279999999999999888e-02 9.725700274444561144e-03
1.299999999999999940e-02 9.256023918634830039e-03
1.319999999999999819e-02 8.830225671543831534e-03
1.339999999999999872e-02 8.442081840909276824e-03
1.359999999999999924e-02 8.086539064777194252e-03
1.379999999999999803e-02 7.759444820587609037e-03
1.399999999999999856e-02 7.457350283172160810e-03
1.419999999999999908e-02 7.177363825048993506e-03
1.439999999999999961e-02 6.917039743074560043e-03
1.459999999999999840e-02 6.674293675411592519e-03
1.479999999999999892e-02 6.447336451080608322e-03
1.499999999999999944e-02 6.234622343875756423e-03
1.519999999999999823e-02 6.034808055677624850e-03
1.539999999999999876e-02 5.846719675883474410e-03
1.559999999999999928e-02 5.669326144661611389e-03
1.579999999999999807e-02 5.501717815741900830e-03
1.600000000000000033e-02 5.343090279502575590e-03
1.619999999999999912e-02 5.192723897407283684e-03
1.639999999999999791e-02 5.049979070742921516e-03
1.660000000000000017e-02 4.914281592438569934e-03
1.679999999999999896e-02 4.785115109544969825e-03
1.699999999999999775e-02 4.662013856748171980e-03
1.720000000000000001e-02 4.544556441548323888e-03
1.739999999999999880e-02 4.432360569874373157e-03
1.759999999999999759e-02 4.325078513751745568e-03
1.779999999999999985e-02 4.222393549288161463e-03
1.799999999999999864e-02 4.124014820699128947e-03
1.819999999999999743e-02 4.029678048438373184e-03
1.839999999999999969e-02 3.939139095437790838e-03
1.859999999999999848e-02 3.852173935787725489e-03
1.879999999999999727e-02 3.768576060098199898e-03
1.899999999999999953e-02 3.688154834474682842e-03
1.919999999999999832e-02 3.610733967671378442e-03
1.939999999999999711e-02 3.536150162486303983e-03
1.959999999999999937e-02 3.464251918951249953e-03
1.979999999999999816e-02 3.394898469473148217e-03
1.999999999999999695e-02 3.327958829051722023e-03
2.019999999999999921e-02 2.878897971424247346e-02
2.039999999999999800e-02 3.813391103571802526e-02
2.059999999999999679e-02 4.323214550277373197e-02
2.079999999999999905e-02 4.657820784579597834e-02
2.099999999999999784e-02 4.900093547227255680e-02
2.119999999999999662e-02 5.086512064329472976e-02
2.139999999999999888e-02 5.236013200554939101e-02
2.159999999999999767e-02 5.359557830802832989e-02
2.179999999999999646e-02 5.464001472351275035e-02
2.199999999999999872e-02 5.553887299253245508e-02
2.219999999999999751e-02 5.632365647134914000e-02
2.239999999999999630e-02 5.701701091609976541e-02
2.259999999999999856e-02 5.763570349431203221e-02
2.279999999999999735e-02 5.819245864218455105e-02
2.299999999999999961e-02 5.869713734814385048e-02
2.319999999999999840e-02 5.915751611734218485e-02
2.339999999999999719e-02 5.957982699540557980e-02
2.359999999999999945e-02 5.996913350168326523e-02
2.379999999999999824e-02 6.032959516571848729e-02
2.399999999999999703e-02 6.066466856453978790e-02
2.419999999999999929e-02 6.097725286531539834e-02
2.439999999999999808e-02 6.126980110615612429e-02
2.459999999999999687e-02 6.154440478630394257e-02
2.479999999999999913e-02 6.180286002339158841e-02
2.499999999999999792e-02 6.204671930608941788e-02
2.519999999999999671e-02 6.227733251706140533e-02
2.539999999999999897e-02 6.249587997954700325e-02
2.559999999999999776e-02 6.270339899987098509e-02
2.579999999999999655e-02 6.290080531017627763e-02
2.599999999999999881e-02 6.308890925065935296e-02
2.619999999999999760e-02 6.326843624019676260e-02
2.639999999999999639e-02 6.344003151383534322e-02
2.659999999999999865e-02 6.360427477025887288e-02
2.679999999999999744e-02 6.376168772206275426e-02
2.699999999999999623e-02 6.391274136098901160e-02
2.719999999999999848e-02 6.405786217832076801e-02
2.739999999999999727e-02 6.419743744328818003e-02
2.759999999999999606e-02 6.433181973922419417e-02
2.779999999999999832e-02 6.446133052929901852e-02
2.799999999999999711e-02 6.458626529605421274e-02
2.819999999999999590e-02 6.470689283670209846e-02
2.839999999999999816e-02 6.482346170018868370e-02
2.859999999999999695e-02 6.493620022168934691e-02
2.879999999999999921e-02 6.504531912032866792e-02
2.899999999999999800e-02 6.515101314313199998e-02
2.919999999999999679e-02 6.525346260073371096e-02
2.939999999999999905e-02 6.535283471872131711e-02
2.959999999999999784e-02 6.544928483709080980e-02
2.979999999999999663e-02 6.554295747765651048e-02
2.999999999999999889e-02 6.563398729629117689e-02
3.019999999999999768e-02 4.019683116635362763e-02
3.039999999999999647e-02 3.087554268839775434e-02
3.059999999999999873e-02 2.580073253872227496e-02
3.079999999999999752e-02 2.247787942798453592e-02
3.099999999999999631e-02 2.007814917308709673e-02
3.119999999999999857e-02 1.823675258679922223e-02
3.139999999999999736e-02 1.676432519164463425e-02
3.159999999999999615e-02 1.555125968310049067e-02
3.179999999999999494e-02 1.452900484256888780e-02
3.200000000000000067e-02 1.365213176643564202e-02
3.219999999999999946e-02 1.288913997834467695e-02
3.239999999999999825e-02 1.221738652052716673e-02
3.259999999999999704e-02 1.162010706813565442e-02
3.279999999999999583e-02 1.108457986742864693e-02
3.299999999999999462e-02 1.060094659482601481e-02
3.320000000000000034e-02 1.016143336916468243e-02
3.339999999999999913e-02 9.759810681286895662e-03
3.359999999999999792e-02 9.391017530759472598e-03
3.379999999999999671e-02 9.050896846750568214e-03
3.399999999999999550e-02 8.735994462607206412e-03
3.419999999999999429e-02 8.443425931350223568e-03
3.440000000000000002e-02 8.170703461441164439e-03
3.459999999999999881e-02 7.915774896961443041e-03
3.479999999999999760e-02 7.676833992239985582e-03
3.499999999999999639e-02 7.452330444894822437e-03
3.519999999999999518e-02 7.240916517001795560e-03
3.539999999999999397e-02 7.041413989521849714e-03
3.559999999999999970e-02 6.852787620781154720e-03
3.579999999999999849e-02 6.674123704685210046e-03
3.599999999999999728e-02 6.504613889412445837e-03
3.619999999999999607e-02 6.343534707691902974e-03
3.639999999999999486e-02 6.190242840176524153e-03
3.659999999999999365e-02 6.044160468830488131e-03
3.679999999999999938e-02 5.904767727473635153e-03
3.699999999999999817e-02 5.771595437354455627e-03
3.719999999999999696e-02 5.644218887520653649e-03
3.739999999999999575e-02 5.522252557175554022e-03
3.759999999999999454e-02 5.405345580253961835e-03
3.779999999999999333e-02 5.293178180398275257e-03
3.799999999999999906e-02 5.185456532126958562e-03
3.819999999999999785e-02 5.081913466194812323e-03
3.839999999999999664e-02 4.982302033194552227e-03
3.859999999999999543e-02 4.886395469696019900e-03
3.879999999999999422e-02 4.793984601146092372e-03
3.899999999999999994e-02 4.704876198517018993e-03
3.919999999999999873e-02 4.618891443196160296e-03
3.939999999999999752e-02 4.535864576196244058e-03
3.959999999999999631e-02 4.455641699266058020e-03
3.979999999999999510e-02 4.378079720193883695e-03
3.999999999999999389e-02 4.303045351896975235e-03
4.019999999999999962e-02 2.975608310400229203e-02
4.039999999999999841e-02 3.909314072353096275e-02
4.059999999999999720e-02 4.418360885947467814e-02
4.079999999999999599e-02 4.752201010463760061e-02
4.099999999999999478e-02 4.993717992422225943e-02
4.119999999999999357e-02 5.179390876665444093e-02
4.139999999999999930e-02 5.328156235013298964e-02
4.159999999999999809e-02 5.450974919985730749e-02
4.179999999999999688e-02 5.554702173547160227e-02
4.199999999999999567e-02 5.643881004241090710e-02
4.219999999999999446e-02 5.721661576001847715e-02
4.239999999999999325e-02 5.790308299061513314e-02
4.259999999999999898e-02 5.851497718552044203e-02
4.279999999999999777e-02 5.906502120724755472e-02
4.299999999999999656e-02 5.956307447080125966e-02
4.319999999999999535e-02 6.001691193177084716e-02
4.339999999999999414e-02 6.043276416073692370e-02
4.359999999999999293e-02 6.081569319356879694e-02
4.379999999999999866e-02 6.116985712892614863e-02
4.399999999999999745e-02 6.149871114320936555e-02
4.419999999999999624e-02 6.180514067776035625e-02
4.439999999999999503e-02 6.209163450341238788e-02
4.459999999999999382e-02 6.236024574058109810e-02
4.479999999999999261e-02 6.261278158493854828e-02
4.499999999999999833e-02 6.285079327464759835e-02
4.519999999999999712e-02 6.307562946946637661e-02
4.539999999999999591e-02 6.328846929658753229e-02
4.559999999999999470e-02 6.349034889241908508e-02
4.579999999999999349e-02 6.368218284462406897e-02
4.599999999999999922e-02 6.386478131077469311e-02
4.619999999999999801e-02 6.403886675400345674e-02
4.639999999999999680e-02 6.420508425980218925e-02
4.659999999999999559e-02 6.436401149944595557e-02
4.679999999999999438e-02 6.451617110183499593e-02
4.699999999999999317e-02 6.466203208847509654e-02
4.719999999999999890e-02 6.480201996638096373e-02
4.739999999999999769e-02 6.493652104108313394e-02
4.759999999999999648e-02 6.506588695225870578e-02
4.779999999999999527e-02 6.519043823895803724e-02
4.799999999999999406e-02 6.531046947863354546e-02
4.819999999999999285e-02 6.542624858197344795e-02
4.839999999999999858e-02 6.553802322948862336e-02
4.859999999999999737e-02 6.564602090555904379e-02
4.879999999999999616e-02 6.575045149570986347e-02
4.899999999999999495e-02 6.585150893015771778e-02
4.919999999999999374e-02 6.594937271906887999e-02
4.939999999999999253e-02 6.604420930353484265e-02
4.959999999999999826e-02 6.613617325462356478e-02
4.979999999999999705e-02 6.622540832823801960e-02
4.999999999999999584e-02 6.631204846618564408e-02
5.019999999999999463e-02 4.087054980475354760e-02
5.039999999999999342e-02 3.154496523417549964e-02
5.059999999999999221e-02 2.646590473420459139e-02
5.079999999999999793e-02 2.313884633241779926e-02
5.099999999999999672e-02 2.073495517577187558e-02
5.119999999999999551e-02 1.888944141991933529e-02
5.139999999999999430e-02 1.741293994279043827e-02
5.159999999999999309e-02 1.619584280751683314e-02
5.179999999999999882e-02 1.516959817509433428e-02
5.199999999999999761e-02 1.428877653318060686e-02
5.219999999999999640e-02 1.352187680810090775e-02
5.239999999999999519e-02 1.284625545590217105e-02
5.259999999999999398e-02 1.224514757645120411e-02
5.279999999999999277e-02 1.170583085268527695e-02
5.299999999999999850e-02 1.121844640407950594e-02
5.319999999999999729e-02 1.077521980676358904e-02
5.339999999999999608e-02 1.036992101378433895e-02
5.359999999999999487e-02 9.997488506288905452e-03
5.379999999999999366e-02 9.653764696129420175e-03
5.399999999999999245e-02 9.335294911019191566e-03
5.419999999999999818e-02 9.039194207428796757e-03
5.439999999999999697e-02 8.762974306155815740e-03
5.459999999999999576e-02 8.504582572305595389e-03
5.479999999999999455e-02 8.262212289733332493e-03
5.499999999999999334e-02 8.034312693898232327e-03
5.519999999999999213e-02 7.819535592853803230e-03
5.539999999999999786e-02 7.616702321499746464e-03
5.559999999999999665e-02 7.424777199890521262e-03
5.579999999999999544e-02 7.242846091284886600e-03
5.599999999999999423e-02 7.070099283575444205e-03
5.619999999999999302e-02 6.905814753725716959e-03
5.639999999999999181e-02 6.749347851051024083e-03
5.659999999999999754e-02 6.600121333878709862e-03
5.679999999999999633e-02 6.457612997784155373e-03
5.699999999999999512e-02 6.321354240685535253e-03
5.719999999999999390e-02 6.190919970034521047e-03
5.739999999999999269e-02 6.065924289858810881e-03
5.759999999999999842e-02 5.946015965224843436e-03
5.779999999999999721e-02 5.830874857075882267e-03
5.799999999999999600e-02 5.720206783277143048e-03
5.819999999999999479e-02 5.613744223853453508e-03
5.839999999999999358e-02 5.511239884467264427e-03
5.859999999999999237e-02 5.412466662443840559e-03
5.879999999999999810e-02 5.317215049559217976e-03
5.899999999999999689e-02 5.225291488560115938e-03
5.919999999999999568e-02 5.136516837969076765e-03
5.939999999999999447e-02 5.050725021171653673e-03
5.959999999999999326e-02 4.967761827429556520e-03
5.979999999999999205e-02 4.887483857073701699e-03
5.999999999999999778e-02 4.809757520514532092e-03
6.019999999999999657e-02 3.026012702970002841e-02
6.039999999999999536e-02 3.959453983872141675e-02
6.059999999999999415e-02 4.468238630829484553e-02
6.079999999999999294e-02 4.801818874750945348e-02
6.099999999999999173e-02 5.043078234232883234e-02
6.119999999999999746e-02 5.228495721715262917e-02
6.139999999999999625e-02 5.377007891072208695e-02
6.159999999999999504e-02 5.499575563676749324e-02
6.179999999999999383e-02 5.603053954921438651e-02
6.199999999999999262e-02 5.691986046650481662e-02
6.219999999999999141e-02 5.769521973183681929e-02
6.239999999999999714e-02 5.837926120940998415e-02
6.259999999999998899e-02 5.898875062250440171e-02
6.279999999999999472e-02 5.953641005993245278e-02
6.300000000000000044e-02 6.003209834553708407e-02
6.319999999999999230e-02 6.048359069526418330e-02
6.339999999999999802e-02 6.089711738561483234e-02
6.359999999999998987e-02 6.127774021075241967e-02
6.379999999999999560e-02 6.162961703987644008e-02
6.400000000000000133e-02 6.195620282589830302e-02
6.419999999999999318e-02 6.226038279097848016e-02
6.439999999999999891e-02 6.254464549044569388e-02
6.459999999999999076e-02 6.281104383264043967e-02
6.479999999999999649e-02 6.306138477215197935e-02
6.499999999999998834e-02 6.329721940774379885e-02
6.519999999999999407e-02 6.351989616208938982e-02
6.539999999999999980e-02 6.373059396280214561e-02
6.559999999999999165e-02 6.393034874961647795e-02
6.579999999999999738e-02 6.412007491636972922e-02
6.599999999999998923e-02 6.430058242960920434e-02
6.619999999999999496e-02 6.447259356417808784e-02
6.640000000000000069e-02 6.463675323288255170e-02
6.659999999999999254e-02 6.479363889984554592e-02
6.679999999999999827e-02 6.494377302534382057e-02
6.699999999999999012e-02 6.508762445319188350e-02
6.719999999999999585e-02 6.522561851522964971e-02
6.739999999999998770e-02 6.535814134429934752e-02
6.759999999999999343e-02 6.548554440982549962e-02
6.779999999999999916e-02 6.560814808299152145e-02
6.799999999999999101e-02 6.572624677574649688e-02
6.819999999999999674e-02 6.584010823557992498e-02
6.839999999999998859e-02 6.594999233900408764e-02
6.859999999999999432e-02 6.605608934094048257e-02
6.880000000000000004e-02 6.615864604119157943e-02
6.899999999999999190e-02 6.625784385871823223e-02
6.919999999999999762e-02 6.635386215147549838e-02
6.939999999999998948e-02 6.644686721043316369e-02
6.959999999999999520e-02 6.653701345858210880e-02
6.979999999999998705e-02 6.662444450578305921e-02
6.999999999999999278e-02 6.670929414976572991e-02
7.019999999999999851e-02 4.126601838470105033e-02
7.039999999999999036e-02 3.193866996062193903e-02
7.059999999999999609e-02 2.685785871897499594e-02
7.079999999999998794e-02 2.352906255087789528e-02
7.099999999999999367e-02 2.112344646866044090e-02
7.119999999999999940e-02 1.927622054431277904e-02
7.139999999999999125e-02 1.779801943361718902e-02
7.159999999999999698e-02 1.657923511550120355e-02
7.179999999999998883e-02 1.555131562688386038e-02
7.199999999999999456e-02 1.466883133835301251e-02
7.220000000000000029e-02 1.390028109396281020e-02
7.239999999999999214e-02 1.322302121499092237e-02
7.259999999999999787e-02 1.262028616190354058e-02
7.279999999999998972e-02 1.207935402790478313e-02
7.299999999999999545e-02 1.159036616948196791e-02
7.319999999999998730e-02 1.114554754932640945e-02
7.339999999999999303e-02 1.073866806792474204e-02
7.359999999999999876e-02 1.036466610645166847e-02
7.379999999999999061e-02 1.001938396943023030e-02
7.399999999999999634e-02 9.699366876081534639e-03
7.419999999999998819e-02 9.401729774772216164e-03
7.439999999999999392e-02 9.123984279156727162e-03
7.459999999999999964e-02 8.864077648329367343e-03
7.479999999999999150e-02 8.620203093599322630e-03
7.499999999999999722e-02 8.390809680600741505e-03
