0.000000000000000000e+00 0.000000000000000000e+00
1.999999999999999825e-04 3.045136641741591835e-02
3.999999999999999650e-04 4.958882220851502931e-02
5.999999999999999474e-04 6.286830995110836984e-02
7.999999999999999299e-04 7.269875002339309944e-02
1.000000000000000021e-03 8.035717253180006681e-02
1.199999999999999895e-03 8.655338027840368820e-02
1.399999999999999769e-03 9.171117347030353917e-02
1.599999999999999860e-03 9.609994917441376516e-02
1.799999999999999951e-03 9.989994418716544033e-02
2.000000000000000042e-03 1.032368667522291367e-01
2.199999999999999699e-03 1.062014422825756504e-01
2.399999999999999790e-03 1.088610388338191043e-01
2.599999999999999881e-03 1.112668950683779190e-01
2.799999999999999538e-03 1.134587883866867292e-01
2.999999999999999629e-03 1.154681490667873595e-01
3.199999999999999720e-03 1.173201970186616705e-01
3.399999999999999811e-03 1.190354445003222461e-01
3.599999999999999901e-03 1.206307759236272537e-01
3.799999999999999559e-03 1.221202387941652812e-01
4.000000000000000083e-03 1.235156330319977375e-01
4.199999999999999740e-03 1.248269565844721679e-01
4.399999999999999398e-03 1.260627477594847001e-01
4.599999999999999922e-03 1.272303503870057251e-01
4.799999999999999580e-03 1.283361226069884842e-01
4.999999999999999237e-03 1.293856023918705800e-01
5.199999999999999761e-03 1.303836401408972334e-01
5.399999999999999419e-03 1.313345059813931792e-01
5.599999999999999076e-03 1.322419770921997306e-01
5.799999999999999600e-03 1.331094103703609755e-01
5.999999999999999258e-03 1.339397969507357400e-01
6.199999999999999782e-03 1.347358211833075692e-01
6.399999999999999439e-03 1.354998923011851153e-01
6.599999999999999097e-03 1.362341840325937137e-01
6.799999999999999621e-03 1.369406630775962808e-01
6.999999999999999278e-03 1.376211141708025831e-01
7.199999999999999803e-03 1.382771614916762926e-01
7.399999999999999460e-03 1.389102870561197134e-01
7.599999999999999117e-03 1.395218465745375058e-01
7.799999999999999642e-03 1.401130828381612348e-01
8.000000000000000167e-03 1.406851394088030893e-01
8.199999999999998956e-03 1.412390673847675193e-01
8.399999999999999481e-03 1.417758383872994299e-01
8.600000000000000006e-03 1.422963503553850706e-01
8.799999999999998795e-03 1.428014352252719166e-01
8.999999999999999320e-03 1.432918650709030239e-01
9.199999999999999845e-03 1.437683576292929089e-01
9.399999999999998634e-03 1.442315812013828524e-01
9.599999999999999159e-03 1.446821590175551564e-01
9.799999999999999684e-03 1.451206731360258073e-01
9.999999999999998473e-03 1.455476679440931842e-01
1.019999999999999900e-02 1.155122868223981691e-01
1.039999999999999952e-02 9.678028491530789312e-02
1.059999999999999831e-02 8.389616853234097005e-02
1.079999999999999884e-02 7.445143927320807542e-02
1.099999999999999936e-02 6.716946417981230211e-02
1.119999999999999815e-02 6.134081462224046100e-02
1.139999999999999868e-02 5.654204332384531184e-02
1.159999999999999920e-02 5.250408740855973255e-02
1.179999999999999973e-02 4.904702212306680242e-02
1.199999999999999852e-02 4.604544005778853089e-02
1.219999999999999904e-02 4.340889695582049457e-02
1.239999999999999956e-02 4.107029214367162451e-02
1.259999999999999835e-02 3.897864059230729539e-02
1.279999999999999888e-02 3.709440569502399365e-02
1.299999999999999940e-02 3.538638596370237421e-02
1.319999999999999819e-02 3.382957904537670091e-02
1.339999999999999872e-02 3.240367971003410563e-02
1.359999999999999924e-02 3.109200070821263595e-02
1.379999999999999803e-02 2.988068243045646777e-02
1.399999999999999856e-02 2.875810414798350700e-02
1.419999999999999908e-02 2.771443891857093555e-02
1.439999999999999961e-02 2.674131173428376251e-02
1.459999999999999840e-02 2.583153480650224321e-02
1.479999999999999892e-02 2.497889919296278349e-02
1.499999999999999944e-02 2.417800966130831397e-02
1.519999999999999823e-02 2.342415245425444326e-02
1.539999999999999876e-02 2.271318825644866313e-02
1.559999999999999928e-02 2.204146517469918187e-02
1.579999999999999807e-02 2.140574750619153588e-02
1.600000000000000033e-02 2.080315829272777473e-02
1.619999999999999912e-02 2.023112443885669021e-02
1.639999999999999791e-02 1.968734311134545667e-02
1.660000000000000017e-02 1.916974274202828954e-02
1.679999999999999896e-02 1.867645484802066269e-02
1.699999999999999775e-02 1.820578918049725603e-02
1.720000000000000001e-02 1.775621246120751007e-02
1.739999999999999880e-02 1.732633017404022757e-02
1.759999999999999759e-02 1.691487087059986849e-02
1.779999999999999985e-02 1.652067293792366942e-02
1.799999999999999864e-02 1.614267105382349854e-02
1.819999999999999743e-02 1.577988955773795832e-02
1.839999999999999969e-02 1.543142959327170605e-02
1.859999999999999848e-02 1.509646343515314015e-02
1.879999999999999727e-02 1.477422692468030596e-02
1.899999999999999953e-02 1.446401343794390115e-02
1.919999999999999832e-02 1.416516846319884615e-02
1.939999999999999711e-02 1.387708479719781951e-02
1.959999999999999937e-02 1.359919827170300022e-02
1.979999999999999816e-02 1.333098394226558958e-02
1.999999999999999695e-02 1.307195268124478060e-02
2.019999999999999921e-02 4.327301454404949843e-02
2.039999999999999800e-02 6.216846614634817525e-02
2.059999999999999679e-02 7.521385128343988091e-02
2.079999999999999905e-02 8.481771688485351124e-02
2.099999999999999784e-02 9.225674292600992421e-02
2.119999999999999662e-02 9.824040360275250461e-02
2.139999999999999888e-02 1.031921903638474552e-01
2.159999999999999767e-02 1.073812089184301294e-01
2.179999999999999646e-02 1.109874255709635549e-01
2.199999999999999872e-02 1.141362880328151558e-01
2.219999999999999751e-02 1.169182796823649423e-01
2.239999999999999630e-02 1.194005391674437672e-01
2.259999999999999856e-02 1.216340883896943337e-01
2.279999999999999735e-02 1.236584997677723924e-01
2.299999999999999961e-02 1.255050105173821096e-01
2.319999999999999840e-02 1.271986549514836085e-01
2.339999999999999719e-02 1.287597710750073843e-01
2.359999999999999945e-02 1.302050800388936391e-01
2.379999999999999824e-02 1.315484715503316693e-01
2.399999999999999703e-02 1.328015965504683593e-01
2.419999999999999929e-02 1.339743113735647473e-01
2.439999999999999808e-02 1.350750196278695803e-01
2.459999999999999687e-02 1.361109369379979450e-01
2.479999999999999913e-02 1.370882993440998288e-01
2.499999999999999792e-02 1.380125284634590721e-01
2.519999999999999671e-02 1.388883637494138512e-01
2.539999999999999897e-02 1.397199695475939141e-01
2.559999999999999776e-02 1.405110221378438051e-01
2.579999999999999655e-02 1.412647809872533411e-01
2.599999999999999881e-02 1.419841462163333179e-01
2.619999999999999760e-02 1.426717135004387238e-01
2.639999999999999639e-02 1.433298076904425955e-01
2.659999999999999865e-02 1.439605218225423200e-01
2.679999999999999744e-02 1.445657453236482703e-01
2.699999999999999623e-02 1.451471888737060345e-01
2.719999999999999848e-02 1.457064056866294310e-01
2.739999999999999727e-02 1.462448097341805531e-01
2.759999999999999606e-02 1.467636914552064853e-01
2.779999999999999832e-02 1.472642310022193590e-01
2.799999999999999711e-02 1.477475117997958665e-01
2.819999999999999590e-02 1.482145271869582670e-01
2.839999999999999816e-02 1.486661932873810654e-01
2.859999999999999695e-02 1.491033546947061472e-01
2.879999999999999921e-02 1.495267920489442570e-01
2.899999999999999800e-02 1.499372280796296697e-01
2.919999999999999679e-02 1.503353330394569809e-01
2.939999999999999905e-02 1.507217295185440675e-01
2.959999999999999784e-02 1.510969967281437232e-01
2.979999999999999663e-02 1.514616743217291894e-01
2.999999999999999889e-02 1.518162658114891317e-01
3.019999999999999768e-02 1.217098752112893145e-01
3.039999999999999647e-02 1.029082196683109712e-01
3.059999999999999873e-02 8.995576880308747691e-02
3.079999999999999752e-02 8.044398894212270723e-02
3.099999999999999631e-02 7.309621294005579084e-02
3.119999999999999857e-02 6.720297907698304096e-02
3.139999999999999736e-02 6.234080927737482847e-02
3.159999999999999615e-02 5.824060828789411060e-02
3.179999999999999494e-02 5.472242258206971854e-02
3.200000000000000067e-02 5.166081592674658107e-02
3.219999999999999946e-02 4.896531628708071515e-02
3.239999999999999825e-02 4.656879610426074845e-02
3.259999999999999704e-02 4.442024444153255813e-02
3.279999999999999583e-02 4.248009952085808616e-02
3.299999999999999462e-02 4.071713458974184074e-02
3.320000000000000034e-02 3.910632560189589157e-02
3.339999999999999913e-02 3.762734457984961978e-02
3.359999999999999792e-02 3.626348023474318394e-02
3.379999999999999671e-02 3.500085251717965917e-02
3.399999999999999550e-02 3.382781995501256411e-02
3.419999999999999429e-02 3.273454785585637461e-02
3.440000000000000002e-02 3.171260464619113373e-02
3.459999999999999881e-02 3.075482070265786461e-02
3.479999999999999760e-02 2.985495638798255080e-02
3.499999999999999639e-02 2.900759867817562232e-02
3.519999999999999518e-02 2.820801655075297343e-02
3.539999999999999397e-02 2.745205393243488334e-02
3.559999999999999970e-02 2.673604266105339411e-02
3.579999999999999849e-02 2.605673123622620491e-02
3.599999999999999728e-02 2.541122735678658096e-02
3.619999999999999607e-02 2.479694302286356011e-02
3.639999999999999486e-02 2.421156091859463788e-02
3.659999999999999365e-02 2.365299540562604275e-02
3.679999999999999938e-02 2.311936432092320803e-02
3.699999999999999817e-02 2.260896411757043478e-02
3.719999999999999696e-02 2.212024858685129880e-02
3.739999999999999575e-02 2.165181063731475009e-02
3.759999999999999454e-02 2.120236658839494415e-02
3.779999999999999333e-02 2.077074292660471833e-02
3.799999999999999906e-02 2.035586274984682587e-02
3.819999999999999785e-02 1.995673912764411861e-02
3.839999999999999664e-02 1.957246223349579095e-02
3.859999999999999543e-02 1.920219366204395373e-02
3.879999999999999422e-02 1.884515885508739053e-02
3.899999999999999994e-02 1.850064106077561887e-02
3.919999999999999873e-02 1.816797590227040016e-02
3.939999999999999752e-02 1.784654656569298337e-02
3.959999999999999631e-02 1.753577951858878436e-02
3.979999999999999510e-02 1.723514070312520685e-02
3.999999999999999389e-02 1.694413207245212827e-02
4.019999999999999962e-02 1.666228860682120172e-02
4.039999999999999841e-02 1.638917551235263836e-02
4.059999999999999720e-02 1.612438581284372785e-02
4.079999999999999599e-02 1.586753794013817664e-02
4.099999999999999478e-02 1.561827398592488536e-02
4.119999999999999357e-02 1.537625783875751218e-02
4.139999999999999930e-02 1.514117225746455797e-02
4.159999999999999809e-02 1.491272024020665055e-02
4.179999999999999688e-02 1.469062325172634798e-02
4.199999999999999567e-02 1.447461394075494345e-02
4.219999999999999446e-02 1.426444351449884795e-02
4.239999999999999325e-02 1.405987598909119729e-02
4.259999999999999898e-02 1.386068808085466619e-02
4.279999999999999777e-02 1.366666853987399954e-02
4.299999999999999656e-02 1.347761814497058785e-02
4.319999999999999535e-02 1.329334527006695299e-02
4.339999999999999414e-02 1.311366981046963032e-02
4.359999999999999293e-02 1.293842274524154012e-02
4.379999999999999866e-02 1.276744066578539005e-02
4.399999999999999745e-02 1.260056910776075068e-02
4.419999999999999624e-02 1.243764873935110371e-02
4.439999999999999503e-02 1.227857669009080333e-02
4.459999999999999382e-02 1.212318255916725040e-02
4.479999999999999261e-02 1.197135159272549876e-02
4.499999999999999833e-02 1.182296253525752516e-02
4.519999999999999712e-02 1.167789964812734893e-02
4.539999999999999591e-02 1.153605246164310372e-02
4.559999999999999470e-02 1.139731549073463857e-02
4.579999999999999349e-02 1.126158681858632771e-02
4.599999999999999922e-02 1.112877197766992676e-02
4.619999999999999801e-02 1.099877613698915790e-02
4.639999999999999680e-02 1.087151163223293304e-02
4.659999999999999559e-02 1.074689267776918200e-02
4.679999999999999438e-02 1.062483991516255388e-02
4.699999999999999317e-02 1.050527438086154564e-02
4.719999999999999890e-02 1.038812124772039991e-02
4.739999999999999769e-02 1.027330869032699878e-02
4.759999999999999648e-02 1.016076773412891154e-02
4.779999999999999527e-02 1.005043211371048351e-02
4.799999999999999406e-02 9.942238139499987026e-03
4.819999999999999285e-02 9.836124572389026710e-03
4.839999999999999858e-02 9.732032505666288191e-03
4.859999999999999737e-02 9.629905253778103802e-03
4.879999999999999616e-02 9.529688247497086762e-03
4.899999999999999495e-02 9.431328935006533243e-03
4.919999999999999374e-02 9.334776688517787413e-03
4.939999999999999253e-02 9.239982716146705188e-03
4.959999999999999826e-02 9.146899978582478941e-03
4.979999999999999705e-02 9.055483098132033337e-03
4.999999999999999584e-02 8.965688321734832655e-03
5.019999999999999463e-02 8.877473423778176054e-03
5.039999999999999342e-02 8.790797616106016399e-03
5.059999999999999221e-02 8.705621472677754769e-03
5.079999999999999793e-02 8.621907035890108428e-03
5.099999999999999672e-02 8.539617485486983295e-03
5.119999999999999551e-02 8.458717148691480281e-03
5.139999999999999430e-02 8.379172692862174587e-03
5.159999999999999309e-02 8.300949254874984140e-03
5.179999999999999882e-02 8.224015622495056688e-03
5.199999999999999761e-02 8.148340578774060372e-03
5.219999999999999640e-02 8.073893997064401917e-03
5.239999999999999519e-02 8.000646686968260202e-03
5.259999999999999398e-02 7.928570478340696281e-03
5.279999999999999277e-02 7.857637980428655577e-03
5.299999999999999850e-02 7.787821746152112645e-03
5.319999999999999729e-02 7.719097943382186022e-03
5.339999999999999608e-02 7.651441719764701110e-03
5.359999999999999487e-02 7.584826978734832137e-03
5.379999999999999366e-02 7.519231252011981947e-03
5.399999999999999245e-02 7.454631806690037443e-03
5.419999999999999818e-02 7.391018938666227278e-03
5.439999999999999697e-02 7.328334163241578825e-03
5.459999999999999576e-02 7.266593760622636067e-03
5.479999999999999455e-02 7.205765184074564011e-03
5.499999999999999334e-02 7.145828822839705996e-03
5.519999999999999213e-02 7.086765624496532689e-03
5.539999999999999786e-02 7.028557075112740193e-03
5.559999999999999665e-02 6.971185180255218272e-03
5.579999999999999544e-02 6.914632446803653520e-03
5.599999999999999423e-02 6.858880928396149379e-03
5.619999999999999302e-02 6.803915943091015661e-03
5.639999999999999181e-02 6.749720476055071083e-03
5.659999999999999754e-02 6.696279853061842813e-03
5.679999999999999633e-02 6.643576895343561439e-03
5.699999999999999512e-02 6.591597740725707588e-03
5.719999999999999390e-02 6.540327955603580934e-03
5.739999999999999269e-02 6.489753486730837073e-03
5.759999999999999842e-02 6.439860648774387020e-03
5.779999999999999721e-02 6.390636112261677271e-03
5.799999999999999600e-02 6.342066892068898287e-03
5.819999999999999479e-02 6.294140336318782003e-03
5.839999999999999358e-02 6.246844115714106360e-03
5.859999999999999237e-02 6.200166213301133711e-03
5.879999999999999810e-02 6.154094914586460963e-03
5.899999999999999689e-02 6.108618798055576171e-03
5.919999999999999568e-02 6.063726726057899752e-03
5.939999999999999447e-02 6.019407835988255240e-03
5.959999999999999326e-02 5.975651531844899944e-03
5.979999999999999205e-02 5.932447488227410304e-03
5.999999999999999778e-02 5.889785593324925461e-03
6.019999999999999657e-02 5.847656015793373241e-03
6.039999999999999536e-02 5.806049147397795984e-03
6.059999999999999415e-02 5.764955657780679310e-03
6.079999999999999294e-02 5.724366308708483952e-03
6.099999999999999173e-02 5.684272221723990492e-03
6.119999999999999746e-02 5.644664758518741499e-03
6.139999999999999625e-02 5.605534460350336534e-03
6.159999999999999504e-02 5.566874587603715119e-03
6.179999999999999383e-02 5.528676059323833769e-03
6.199999999999999262e-02 5.490931029514423134e-03
6.219999999999999141e-02 5.453631695470445573e-03
6.239999999999999714e-02 5.416770506085882841e-03
6.259999999999998899e-02 5.380340484773898924e-03
6.279999999999999472e-02 5.344333875081042073e-03
6.300000000000000044e-02 5.308743223231021657e-03
6.319999999999999230e-02 5.273562067368897655e-03
6.339999999999999802e-02 5.238783579094380416e-03
6.359999999999998987e-02 5.204401084210968920e-03
6.379999999999999560e-02 5.170408080645894078e-03
6.400000000000000133e-02 5.136798206938464340e-03
6.419999999999999318e-02 5.103552882327416773e-03
6.439999999999999891e-02 5.070703087145328469e-03
6.459999999999999076e-02 5.038205789875183083e-03
6.479999999999999649e-02 5.006067480561648964e-03
6.499999999999998834e-02 4.974282513637712233e-03
6.519999999999999407e-02 4.942845262329020883e-03
6.539999999999999980e-02 4.911750250792767947e-03
6.559999999999999165e-02 4.880992116547994142e-03
6.579999999999999738e-02 4.850565607553702918e-03
6.599999999999998923e-02 4.820466516499144483e-03
6.619999999999999496e-02 4.790687943696164686e-03
6.640000000000000069e-02 4.761225887314646243e-03
6.659999999999999254e-02 4.732074507330485957e-03
6.679999999999999827e-02 4.703231018254622198e-03
6.699999999999999012e-02 4.674689809455068179e-03
6.719999999999999585e-02 4.646446327517678165e-03
6.739999999999998770e-02 4.618496109125430626e-03
6.759999999999999343e-02 4.590834778835067853e-03
6.779999999999999916e-02 4.563458046895785269e-03
6.799999999999999101e-02 4.536361707225627926e-03
6.819999999999999674e-02 4.509541635328434550e-03
6.839999999999998859e-02 4.483006143288698064e-03
6.859999999999999432e-02 4.456714193210947750e-03
6.880000000000000004e-02 4.430698964623974723e-03
6.899999999999999190e-02 4.404944283448952724e-03
6.919999999999999762e-02 4.379446404827097572e-03
6.939999999999998948e-02 4.354201654535094779e-03
6.959999999999999520e-02 4.329206427289677972e-03
6.979999999999998705e-02 4.304457173043035878e-03
6.999999999999999278e-02 4.279950444515678853e-03
7.019999999999999851e-02 4.255682821244471947e-03
7.039999999999999036e-02 4.231650958188032385e-03
7.059999999999999609e-02 4.207851571690096604e-03
7.079999999999998794e-02 4.184281438021242305e-03
7.099999999999999367e-02 4.160937392088948084e-03
7.119999999999999940e-02 4.137816375237135524e-03
7.139999999999999125e-02 4.114915244563116525e-03
7.159999999999999698e-02 4.092231048092614953e-03
7.179999999999998883e-02 4.069760845828745977e-03
7.199999999999999456e-02 4.047501755400195744e-03
7.220000000000000029e-02 4.025450978800915180e-03
7.239999999999999214e-02 4.003605713912811170e-03
7.259999999999999787e-02 3.981962701380875602e-03
7.279999999999998972e-02 3.960519779141219443e-03
7.299999999999999545e-02 3.939274653189328568e-03
7.319999999999998730e-02 3.918224227434624618e-03
7.339999999999999303e-02 3.897366005022467883e-03
7.359999999999999876e-02 3.876697493726821708e-03
7.379999999999999061e-02 3.856216227109354744e-03
7.399999999999999634e-02 3.835919780612206953e-03
7.419999999999998819e-02 3.815805769748298326e-03
7.439999999999999392e-02 3.795871849972376477e-03
7.459999999999999964e-02 3.776115715932004679e-03
7.479999999999999150e-02 3.756535133011468242e-03
7.499999999999999722e-02 3.737127805847284545e-03
