0.000000000000000000e+00 0.000000000000000000e+00
1.999999999999999825e-04 3.045136641741591835e-02
3.999999999999999650e-04 4.958882220851502931e-02
5.999999999999999474e-04 6.286830995110836984e-02
7.999999999999999299e-04 7.269875002339309944e-02
1.000000000000000021e-03 8.035717253180006681e-02
1.199999999999999895e-03 8.655338027840368820e-02
1.399999999999999769e-03 9.171117347030353917e-02
1.599999999999999860e-03 9.609994917441376516e-02
1.799999999999999951e-03 9.989994418716544033e-02
2.000000000000000042e-03 1.032368667522291367e-01
2.199999999999999699e-03 1.062014422825756504e-01
2.399999999999999790e-03 1.088610388338191043e-01
2.599999999999999881e-03 1.112668950683779190e-01
2.799999999999999538e-03 1.134587883866867292e-01
2.999999999999999629e-03 1.154681490667873595e-01
3.199999999999999720e-03 1.173201970186616705e-01
3.399999999999999811e-03 1.190354445003222461e-01
3.599999999999999901e-03 1.206307759236272537e-01
3.799999999999999559e-03 1.221202387941652812e-01
4.000000000000000083e-03 1.235156330319977375e-01
4.199999999999999740e-03 1.248269565844721679e-01
4.399999999999999398e-03 1.260627477594847001e-01
4.599999999999999922e-03 1.272303503870057251e-01
4.799999999999999580e-03 1.283361226069884842e-01
4.999999999999999237e-03 1.293856023918705800e-01
5.199999999999999761e-03 1.303836401408972334e-01
5.399999999999999419e-03 1.313345059813931792e-01
5.599999999999999076e-03 1.322419770921997306e-01
5.799999999999999600e-03 1.331094103703609755e-01
5.999999999999999258e-03 1.339397969507357400e-01
6.199999999999999782e-03 1.347358211833075692e-01
6.399999999999999439e-03 1.354998923011851153e-01
6.599999999999999097e-03 1.362341840325937137e-01
6.799999999999999621e-03 1.369406630775962808e-01
6.999999999999999278e-03 1.376211141708025831e-01
7.199999999999999803e-03 1.382771614916762926e-01
7.399999999999999460e-03 1.389102870561197134e-01
7.599999999999999117e-03 1.395218465745375058e-01
7.799999999999999642e-03 1.401130828381612348e-01
8.000000000000000167e-03 1.406851394088030893e-01
8.199999999999998956e-03 1.412390673847675193e-01
8.399999999999999481e-03 1.417758383872994299e-01
8.600000000000000006e-03 1.422963503553850706e-01
8.799999999999998795e-03 1.428014352252719166e-01
8.999999999999999320e-03 1.432918650709030239e-01
9.199999999999999845e-03 1.437683576292929089e-01
9.399999999999998634e-03 1.442315812013828524e-01
9.599999999999999159e-03 1.446821590175551564e-01
9.799999999999999684e-03 1.451206731360258073e-01
9.999999999999998473e-03 1.455476679440931842e-01
1.019999999999999900e-02 1.155122868223981691e-01
1.039999999999999952e-02 9.678028491530789312e-02
1.059999999999999831e-02 8.389616853234097005e-02
1.079999999999999884e-02 7.445143927320807542e-02
1.099999999999999936e-02 6.716946417981230211e-02
1.119999999999999815e-02 6.134081462224046100e-02
1.139999999999999868e-02 5.654204332384531184e-02
1.159999999999999920e-02 5.250408740855973255e-02
1.179999999999999973e-02 4.904702212306680242e-02
1.199999999999999852e-02 4.604544005778853089e-02
1.219999999999999904e-02 4.340889695582049457e-02
1.239999999999999956e-02 4.107029214367162451e-02
1.259999999999999835e-02 3.897864059230729539e-02
1.279999999999999888e-02 3.709440569502399365e-02
1.299999999999999940e-02 3.538638596370237421e-02
1.319999999999999819e-02 3.382957904537670091e-02
1.339999999999999872e-02 3.240367971003410563e-02
1.359999999999999924e-02 3.109200070821263595e-02
1.379999999999999803e-02 2.988068243045646777e-02
1.399999999999999856e-02 2.875810414798350700e-02
1.419999999999999908e-02 2.771443891857093555e-02
1.439999999999999961e-02 2.674131173428376251e-02
1.459999999999999840e-02 2.583153480650224321e-02
1.479999999999999892e-02 2.497889919296278349e-02
1.499999999999999944e-02 2.417800966130831397e-02
1.519999999999999823e-02 2.342415245425444326e-02
1.539999999999999876e-02 2.271318825644866313e-02
1.559999999999999928e-02 2.204146517469918187e-02
1.579999999999999807e-02 2.140574750619153588e-02
1.600000000000000033e-02 2.080315829272777473e-02
1.619999999999999912e-02 2.023112443885669021e-02
1.639999999999999791e-02 1.968734311134545667e-02
1.660000000000000017e-02 1.916974274202828954e-02
1.679999999999999896e-02 1.867645484802066269e-02
1.699999999999999775e-02 1.820578918049725603e-02
1.720000000000000001e-02 1.775621246120751007e-02
1.739999999999999880e-02 1.732633017404022757e-02
1.759999999999999759e-02 1.691487087059986849e-02
1.779999999999999985e-02 1.652067293792366942e-02
1.799999999999999864e-02 1.614267105382349854e-02
1.819999999999999743e-02 1.577988955773795832e-02
1.839999999999999969e-02 1.543142959327170605e-02
1.859999999999999848e-02 1.509646343515314015e-02
1.879999999999999727e-02 1.477422692468030596e-02
1.899999999999999953e-02 1.446401343794390115e-02
1.919999999999999832e-02 1.416516846319884615e-02
1.939999999999999711e-02 1.387708479719781951e-02
1.959999999999999937e-02 1.359919827170300022e-02
1.979999999999999816e-02 1.333098394226558958e-02
1.999999999999999695e-02 1.307195268124478060e-02
2.019999999999999921e-02 4.327301454404949843e-02
2.039999999999999800e-02 6.216846614634817525e-02
2.059999999999999679e-02 7.521385128343988091e-02
2.079999999999999905e-02 8.481771688485351124e-02
2.099999999999999784e-02 9.225674292600992421e-02
2.119999999999999662e-02 9.824040360275250461e-02
2.139999999999999888e-02 1.031921903638474552e-01
2.159999999999999767e-02 1.073812089184301294e-01
2.179999999999999646e-02 1.109874255709635549e-01
2.199999999999999872e-02 1.141362880328151558e-01
2.219999999999999751e-02 1.169182796823649423e-01
2.239999999999999630e-02 1.194005391674437672e-01
2.259999999999999856e-02 1.216340883896943337e-01
2.279999999999999735e-02 1.236584997677723924e-01
2.299999999999999961e-02 1.255050105173821096e-01
2.319999999999999840e-02 1.271986549514836085e-01
2.339999999999999719e-02 1.287597710750073843e-01
2.359999999999999945e-02 1.302050800388936391e-01
2.379999999999999824e-02 1.315484715503316693e-01
2.399999999999999703e-02 1.328015965504683593e-01
2.419999999999999929e-02 1.339743113735647473e-01
2.439999999999999808e-02 1.350750196278695803e-01
2.459999999999999687e-02 1.361109369379979450e-01
2.479999999999999913e-02 1.370882993440998288e-01
2.499999999999999792e-02 1.380125284634590721e-01
2.519999999999999671e-02 1.388883637494138512e-01
2.539999999999999897e-02 1.397199695475939141e-01
2.559999999999999776e-02 1.405110221378438051e-01
2.579999999999999655e-02 1.412647809872533411e-01
2.599999999999999881e-02 1.419841462163333179e-01
2.619999999999999760e-02 1.426717135004387238e-01
2.639999999999999639e-02 1.433298076904425955e-01
2.659999999999999865e-02 1.439605218225423200e-01
2.679999999999999744e-02 1.445657453236482703e-01
2.699999999999999623e-02 1.451471888737060345e-01
2.719999999999999848e-02 1.457064056866294310e-01
2.739999999999999727e-02 1.462448097341805531e-01
2.759999999999999606e-02 1.467636914552064853e-01
2.779999999999999832e-02 1.472642310022193590e-01
2.799999999999999711e-02 1.477475117997958665e-01
2.819999999999999590e-02 1.482145271869582670e-01
2.839999999999999816e-02 1.486661932873810654e-01
2.859999999999999695e-02 1.491033546947061472e-01
2.879999999999999921e-02 1.495267920489442570e-01
2.899999999999999800e-02 1.499372280796296697e-01
2.919999999999999679e-02 1.503353330394569809e-01
2.939999999999999905e-02 1.507217295185440675e-01
2.959999999999999784e-02 1.510969967281437232e-01
2.979999999999999663e-02 1.514616743217291894e-01
2.999999999999999889e-02 1.518162658114891317e-01
3.019999999999999768e-02 1.217098752112893145e-01
3.039999999999999647e-02 1.029082196683109712e-01
3.059999999999999873e-02 8.995576880308747691e-02
3.079999999999999752e-02 8.044398894212270723e-02
3.099999999999999631e-02 7.309621294005579084e-02
3.119999999999999857e-02 6.720297907698304096e-02
3.139999999999999736e-02 6.234080927737482847e-02
3.159999999999999615e-02 5.824060828789411060e-02
3.179999999999999494e-02 5.472242258206971854e-02
3.200000000000000067e-02 5.166081592674658107e-02
3.219999999999999946e-02 4.896531628708071515e-02
3.239999999999999825e-02 4.656879610426074845e-02
3.259999999999999704e-02 4.442024444153255813e-02
3.279999999999999583e-02 4.248009952085808616e-02
3.299999999999999462e-02 4.071713458974184074e-02
3.320000000000000034e-02 3.910632560189589157e-02
3.339999999999999913e-02 3.762734457984961978e-02
3.359999999999999792e-02 3.626348023474318394e-02
3.379999999999999671e-02 3.500085251717965917e-02
3.399999999999999550e-02 3.382781995501256411e-02
3.419999999999999429e-02 3.273454785585637461e-02
3.440000000000000002e-02 3.171260464619113373e-02
3.459999999999999881e-02 3.075482070265786461e-02
3.479999999999999760e-02 2.985495638798255080e-02
3.499999999999999639e-02 2.900759867817562232e-02
3.519999999999999518e-02 2.820801655075297343e-02
3.539999999999999397e-02 2.745205393243488334e-02
3.559999999999999970e-02 2.673604266105339411e-02
3.579999999999999849e-02 2.605673123622620491e-02
3.599999999999999728e-02 2.541122735678658096e-02
3.619999999999999607e-02 2.479694302286356011e-02
3.639999999999999486e-02 2.421156091859463788e-02
3.659999999999999365e-02 2.365299540562604275e-02
3.679999999999999938e-02 2.311936432092320803e-02
3.699999999999999817e-02 2.260896411757043478e-02
3.719999999999999696e-02 2.212024858685129880e-02
3.739999999999999575e-02 2.165181063731475009e-02
3.759999999999999454e-02 2.120236658839494415e-02
3.779999999999999333e-02 2.077074292660471833e-02
3.799999999999999906e-02 2.035586274984682587e-02
3.819999999999999785e-02 1.995673912764411861e-02
3.839999999999999664e-02 1.957246223349579095e-02
3.859999999999999543e-02 1.920219366204395373e-02
3.879999999999999422e-02 1.884515885508739053e-02
3.899999999999999994e-02 1.850064106077561887e-02
3.919999999999999873e-02 1.816797590227040016e-02
3.939999999999999752e-02 1.784654656569298337e-02
3.959999999999999631e-02 1.753577951858878436e-02
3.979999999999999510e-02 1.723514070312520685e-02
3.999999999999999389e-02 1.694413207245212827e-02
4.019999999999999962e-02 4.711365502423711660e-02
4.039999999999999841e-02 6.597799772086766767e-02
4.059999999999999720e-02 7.899269576395209769e-02
4.079999999999999599e-02 8.856628796353127608e-02
4.099999999999999478e-02 9.597544651772495217e-02
4.119999999999999357e-02 1.019296381171612004e-01
4.139999999999999930e-02 1.068523457277680971e-01
4.159999999999999809e-02 1.110126694146204157e-01
4.179999999999999688e-02 1.145905674388917883e-01
4.199999999999999567e-02 1.177114806929840801e-01
4.219999999999999446e-02 1.204658857970744984e-01
4.239999999999999325e-02 1.229209148229103016e-01
4.259999999999999898e-02 1.251275831492325852e-01
4.279999999999999777e-02 1.271254569265607426e-01
4.299999999999999656e-02 1.289457672117579334e-01
4.319999999999999535e-02 1.306135422887286235e-01
4.339999999999999414e-02 1.321491143107918764e-01
4.359999999999999293e-02 1.335691986688687938e-01
4.379999999999999866e-02 1.348876794599506712e-01
4.399999999999999745e-02 1.361162021397585020e-01
4.419999999999999624e-02 1.372646053238232855e-01
4.439999999999999503e-02 1.383413244495755035e-01
4.459999999999999382e-02 1.393535329461729755e-01
4.479999999999999261e-02 1.403074741997139829e-01
4.499999999999999833e-02 1.412085649271281051e-01
4.519999999999999712e-02 1.420615397890245823e-01
4.539999999999999591e-02 1.428705584430362829e-01
4.559999999999999470e-02 1.436392925829343692e-01
4.579999999999999349e-02 1.443709971889473032e-01
4.599999999999999922e-02 1.450685689284056668e-01
4.619999999999999801e-02 1.457345973202967271e-01
4.639999999999999680e-02 1.463714039334180483e-01
4.659999999999999559e-02 1.469810767103628957e-01
4.679999999999999438e-02 1.475655029927588346e-01
4.699999999999999317e-02 1.481263885516641288e-01
4.719999999999999890e-02 1.486652827393966925e-01
4.739999999999999769e-02 1.491835957464467122e-01
4.759999999999999648e-02 1.496826143086664174e-01
4.779999999999999527e-02 1.501635149518717183e-01
4.799999999999999406e-02 1.506273775483030763e-01
4.819999999999999285e-02 1.510751919571565460e-01
4.839999999999999858e-02 1.515078708929657181e-01
4.859999999999999737e-02 1.519262556091631744e-01
4.879999999999999616e-02 1.523311234727690033e-01
4.899999999999999495e-02 1.527231940059095572e-01
4.919999999999999374e-02 1.531031343178106963e-01
4.939999999999999253e-02 1.534715639175295576e-01
4.959999999999999826e-02 1.538290589961376353e-01
4.979999999999999705e-02 1.541761562341578407e-01
4.999999999999999584e-02 1.545133562658280169e-01
5.019999999999999463e-02 1.243897602461763452e-01
5.039999999999999342e-02 1.055710825314139095e-01
5.059999999999999221e-02 9.260179000501872482e-02
5.079999999999999793e-02 8.307334630909818385e-02
5.099999999999999672e-02 7.570908166529928540e-02
5.119999999999999551e-02 6.979953177093194128e-02
5.139999999999999430e-02 6.492121601670748643e-02
5.159999999999999309e-02 6.080503666343471669e-02
5.179999999999999882e-02 5.727103774556185911e-02
5.199999999999999761e-02 5.419378063656259126e-02
5.219999999999999640e-02 5.148279095288489648e-02
5.239999999999999519e-02 4.907093883063988471e-02
5.259999999999999398e-02 4.690721107064799167e-02
5.279999999999999277e-02 4.495204367545264923e-02
5.299999999999999850e-02 4.317420770985448686e-02
5.319999999999999729e-02 4.154867698875888693e-02
5.339999999999999608e-02 4.005512142979880674e-02
5.359999999999999487e-02 3.867682768694746809e-02
5.379999999999999366e-02 3.739991368246844972e-02
5.399999999999999245e-02 3.621273595467354445e-02
5.419999999999999818e-02 3.510545785723716283e-02
5.439999999999999697e-02 3.406964589752534134e-02
5.459999999999999576e-02 3.309812856712487927e-02
5.479999999999999455e-02 3.218466437703734750e-02
5.499999999999999334e-02 3.132383848414801997e-02
5.519999999999999213e-02 3.051091807875097595e-02
5.539999999999999786e-02 2.974174533156140332e-02
5.559999999999999665e-02 2.901265035495440014e-02
5.579999999999999544e-02 2.832037995299518940e-02
5.599999999999999423e-02 2.766203922112392410e-02
5.619999999999999302e-02 2.703504038194770587e-02
5.639999999999999181e-02 2.643706358740052775e-02
5.659999999999999754e-02 2.586602259509013235e-02
5.679999999999999633e-02 2.532003174336422413e-02
5.699999999999999512e-02 2.479738692122296362e-02
5.719999999999999390e-02 2.429654041681109100e-02
5.739999999999999269e-02 2.381608366077106465e-02
5.759999999999999842e-02 2.335473151937425551e-02
5.779999999999999721e-02 2.291130905018534669e-02
5.799999999999999600e-02 2.248473794589239683e-02
5.819999999999999479e-02 2.207402989405674032e-02
5.839999999999999358e-02 2.167827370898581241e-02
5.859999999999999237e-02 2.129662964845427386e-02
5.879999999999999810e-02 2.092832183926676692e-02
5.899999999999999689e-02 2.057263223599947732e-02
5.919999999999999568e-02 2.022889518925674590e-02
5.939999999999999447e-02 1.989649263318607475e-02
5.959999999999999326e-02 1.957484980354790016e-02
5.979999999999999205e-02 1.926343143049299989e-02
5.999999999999999778e-02 1.896173827456970606e-02
6.019999999999999657e-02 4.912067055984287167e-02
6.039999999999999536e-02 6.797451529374597123e-02
6.059999999999999415e-02 8.097880694122056022e-02
6.079999999999999294e-02 9.054208319356199519e-02
6.099999999999999173e-02 9.794101514773391470e-02
6.119999999999999746e-02 1.038850683612712461e-01
6.139999999999999625e-02 1.087977248241977918e-01
6.159999999999999504e-02 1.129480835060338445e-01
6.179999999999999383e-02 1.165161016302873886e-01
6.199999999999999262e-02 1.196272190623295789e-01
6.219999999999999141e-02 1.223719113778353879e-01
6.239999999999999714e-02 1.248173096735296500e-01
6.259999999999998899e-02 1.270144288744682326e-01
6.279999999999999472e-02 1.290028336428534206e-01
6.300000000000000044e-02 1.308137537406131590e-01
6.319999999999999230e-02 1.324722170188525061e-01
6.339999999999999802e-02 1.339985546541017647e-01
6.359999999999998987e-02 1.354094811231046080e-01
6.379999999999999560e-02 1.367188796309775634e-01
6.400000000000000133e-02 1.379383947574068237e-01
6.419999999999999318e-02 1.390778642558921363e-01
6.439999999999999891e-02 1.401457227150149087e-01
6.459999999999999076e-02 1.411491427278731281e-01
6.479999999999999649e-02 1.420943668246614777e-01
6.499999999999998834e-02 1.429868109770967843e-01
6.519999999999999407e-02 1.438312090117428721e-01
6.539999999999999980e-02 1.446317197983866820e-01
6.559999999999999165e-02 1.453920142543917993e-01
6.579999999999999738e-02 1.461153465948070440e-01
6.599999999999998923e-02 1.468046127328324624e-01
6.619999999999999496e-02 1.474624014441348885e-01
6.640000000000000069e-02 1.480910335777572417e-01
6.659999999999999254e-02 1.486925963298728059e-01
6.679999999999999827e-02 1.492689763419028925e-01
6.699999999999999012e-02 1.498218786831611027e-01
6.719999999999999585e-02 1.503528520141471092e-01
6.739999999999998770e-02 1.508633058433059837e-01
6.759999999999999343e-02 1.513545262340415531e-01
6.779999999999999916e-02 1.518276890491151443e-01
6.799999999999999101e-02 1.522838735070214944e-01
6.819999999999999674e-02 1.527240688222867016e-01
6.839999999999998859e-02 1.531491994306697635e-01
6.859999999999999432e-02 1.535600688879170950e-01
6.880000000000000004e-02 1.539574910135682317e-01
6.899999999999999190e-02 1.543421723630786224e-01
6.919999999999999762e-02 1.547147794442840785e-01
6.939999999999998948e-02 1.550759311730791623e-01
6.959999999999999520e-02 1.554262031554334011e-01
6.979999999999998705e-02 1.557661314947722253e-01
6.999999999999999278e-02 1.560962162560048105e-01
7.019999999999999851e-02 1.259655580325337865e-01
7.039999999999999036e-02 1.071398706264990036e-01
7.059999999999999609e-02 9.416362037477757352e-02
7.079999999999998794e-02 8.462827038014394954e-02
7.099999999999999367e-02 7.725715033214473892e-02
7.119999999999999940e-02 7.134079545222017649e-02
7.139999999999999125e-02 6.645572452193794499e-02
7.159999999999999698e-02 6.233283933598672555e-02
7.179999999999998883e-02 5.879218342789846452e-02
7.199999999999999456e-02 5.570831768214677682e-02
7.220000000000000029e-02 5.299076726588163033e-02
7.239999999999999214e-02 5.057240181817355962e-02
7.259999999999999787e-02 4.840220714291343374e-02
7.279999999999998972e-02 4.644061929999930560e-02
7.299999999999999545e-02 4.465640924293116931e-02
7.319999999999998730e-02 4.302454982933051619e-02
7.339999999999999303e-02 4.152471058487208766e-02
7.359999999999999876e-02 4.014017772847000565e-02
7.379999999999999061e-02 3.885706874428901392e-02
7.399999999999999634e-02 3.766373973562477107e-02
7.419999999999998819e-02 3.655035362560467294e-02
7.439999999999999392e-02 3.550847649616351021e-02
7.459999999999999964e-02 3.453093641858986929e-02
7.479999999999999150e-02 3.361149152099401904e-02
7.499999999999999722e-02 3.274472648402290686e-02
