0.000000000000000000e+00 0.000000000000000000e+00
1.999999999999999825e-04 3.045136641741591835e-02
3.999999999999999650e-04 4.958882220851502931e-02
5.999999999999999474e-04 6.286830995110836984e-02
7.999999999999999299e-04 7.269875002339309944e-02
1.000000000000000021e-03 8.035717253180006681e-02
1.199999999999999895e-03 8.655338027840368820e-02
1.399999999999999769e-03 9.171117347030353917e-02
1.599999999999999860e-03 9.609994917441376516e-02
1.799999999999999951e-03 9.989994418716544033e-02
2.000000000000000042e-03 1.032368667522291367e-01
2.199999999999999699e-03 1.062014422825756504e-01
2.399999999999999790e-03 1.088610388338191043e-01
2.599999999999999881e-03 1.112668950683779190e-01
2.799999999999999538e-03 1.134587883866867292e-01
2.999999999999999629e-03 1.154681490667873595e-01
3.199999999999999720e-03 1.173201970186616705e-01
3.399999999999999811e-03 1.190354445003222461e-01
3.599999999999999901e-03 1.206307759236272537e-01
3.799999999999999559e-03 1.221202387941652812e-01
4.000000000000000083e-03 1.235156330319977375e-01
4.199999999999999740e-03 1.248269565844721679e-01
4.399999999999999398e-03 1.260627477594847001e-01
4.599999999999999922e-03 1.272303503870057251e-01
4.799999999999999580e-03 1.283361226069884842e-01
4.999999999999999237e-03 1.293856023918705800e-01
5.199999999999999761e-03 1.303836401408972334e-01
5.399999999999999419e-03 1.313345059813931792e-01
5.599999999999999076e-03 1.322419770921997306e-01
5.799999999999999600e-03 1.331094103703609755e-01
5.999999999999999258e-03 1.339397969507357400e-01
6.199999999999999782e-03 1.347358211833075692e-01
6.399999999999999439e-03 1.354998923011851153e-01
6.599999999999999097e-03 1.362341840325937137e-01
6.799999999999999621e-03 1.369406630775962808e-01
6.999999999999999278e-03 1.376211141708025831e-01
7.199999999999999803e-03 1.382771614916762926e-01
7.399999999999999460e-03 1.389102870561197134e-01
7.599999999999999117e-03 1.395218465745375058e-01
7.799999999999999642e-03 1.401130828381612348e-01
8.000000000000000167e-03 1.406851394088030893e-01
8.199999999999998956e-03 1.412390673847675193e-01
8.399999999999999481e-03 1.417758383872994299e-01
8.600000000000000006e-03 1.422963503553850706e-01
8.799999999999998795e-03 1.428014352252719166e-01
8.999999999999999320e-03 1.432918650709030239e-01
9.199999999999999845e-03 1.437683576292929089e-01
9.399999999999998634e-03 1.442315812013828524e-01
9.599999999999999159e-03 1.446821590175551564e-01
9.799999999999999684e-03 1.451206731360258073e-01
9.999999999999998473e-03 1.455476679440931842e-01
1.019999999999999900e-02 1.155122868223981691e-01
1.039999999999999952e-02 9.678028491530789312e-02
1.059999999999999831e-02 8.389616853234097005e-02
1.079999999999999884e-02 7.445143927320807542e-02
1.099999999999999936e-02 6.716946417981230211e-02
1.119999999999999815e-02 6.134081462224046100e-02
1.139999999999999868e-02 5.654204332384531184e-02
1.159999999999999920e-02 5.250408740855973255e-02
1.179999999999999973e-02 4.904702212306680242e-02
1.199999999999999852e-02 4.604544005778853089e-02
1.219999999999999904e-02 4.340889695582049457e-02
1.239999999999999956e-02 4.107029214367162451e-02
1.259999999999999835e-02 3.897864059230729539e-02
1.279999999999999888e-02 3.709440569502399365e-02
1.299999999999999940e-02 3.538638596370237421e-02
1.319999999999999819e-02 3.382957904537670091e-02
1.339999999999999872e-02 3.240367971003410563e-02
1.359999999999999924e-02 3.109200070821263595e-02
1.379999999999999803e-02 2.988068243045646777e-02
1.399999999999999856e-02 2.875810414798350700e-02
1.419999999999999908e-02 2.771443891857093555e-02
1.439999999999999961e-02 2.674131173428376251e-02
1.459999999999999840e-02 2.583153480650224321e-02
1.479999999999999892e-02 2.497889919296278349e-02
1.499999999999999944e-02 2.417800966130831397e-02
1.519999999999999823e-02 2.342415245425444326e-02
1.539999999999999876e-02 2.271318825644866313e-02
1.559999999999999928e-02 2.204146517469918187e-02
1.579999999999999807e-02 2.140574750619153588e-02
1.600000000000000033e-02 2.080315829272777473e-02
1.619999999999999912e-02 2.023112443885669021e-02
1.639999999999999791e-02 1.968734311134545667e-02
1.660000000000000017e-02 1.916974274202828954e-02
1.679999999999999896e-02 1.867645484802066269e-02
1.699999999999999775e-02 1.820578918049725603e-02
1.720000000000000001e-02 1.775621246120751007e-02
1.739999999999999880e-02 1.732633017404022757e-02
1.759999999999999759e-02 1.691487087059986849e-02
1.779999999999999985e-02 1.652067293792366942e-02
1.799999999999999864e-02 1.614267105382349854e-02
1.819999999999999743e-02 1.577988955773795832e-02
1.839999999999999969e-02 1.543142959327170605e-02
1.859999999999999848e-02 1.509646343515314015e-02
1.879999999999999727e-02 1.477422692468030596e-02
1.899999999999999953e-02 1.446401343794390115e-02
1.919999999999999832e-02 1.416516846319884615e-02
1.939999999999999711e-02 1.387708479719781951e-02
1.959999999999999937e-02 1.359919827170300022e-02
1.979999999999999816e-02 1.333098394226558958e-02
1.999999999999999695e-02 1.307195268124478060e-02
2.019999999999999921e-02 1.282164812663358355e-02
2.039999999999999800e-02 1.257964393783314594e-02
2.059999999999999679e-02 1.234554133233151108e-02
2.079999999999999905e-02 1.211896686146041180e-02
2.099999999999999784e-02 1.189957039420985740e-02
2.119999999999999662e-02 1.168702332434881641e-02
2.139999999999999888e-02 1.148101689354391608e-02
2.159999999999999767e-02 1.128125974401636422e-02
2.179999999999999646e-02 1.108748138379811454e-02
2.199999999999999872e-02 1.089942128058601911e-02
2.219999999999999751e-02 1.071683739978929184e-02
2.239999999999999630e-02 1.053950033362466288e-02
2.259999999999999856e-02 1.036719332131641469e-02
2.279999999999999735e-02 1.019971138108566322e-02
2.299999999999999961e-02 1.003686145059476398e-02
2.319999999999999840e-02 9.878457932821937959e-03
2.339999999999999719e-02 9.724326574685138169e-03
2.359999999999999945e-02 9.574304115266385473e-03
2.379999999999999824e-02 9.428232756166388118e-03
2.399999999999999703e-02 9.285963518470607969e-03
2.419999999999999929e-02 9.147354789092565497e-03
2.439999999999999808e-02 9.012271868384880147e-03
2.459999999999999687e-02 8.880586550992219941e-03
2.479999999999999913e-02 8.752176737111344584e-03
2.499999999999999792e-02 8.626926071588492118e-03
2.519999999999999671e-02 8.504723608516617794e-03
2.539999999999999897e-02 8.385463566200734853e-03
2.559999999999999776e-02 8.269045045644074499e-03
2.579999999999999655e-02 8.155370616892365643e-03
2.599999999999999881e-02 8.044349265597577903e-03
2.619999999999999760e-02 7.935892317131154616e-03
2.639999999999999639e-02 7.829915389257480207e-03
2.659999999999999865e-02 7.726337789948606316e-03
2.679999999999999744e-02 7.625082246051989587e-03
2.699999999999999623e-02 7.526074702903451374e-03
2.719999999999999848e-02 7.429244194953138480e-03
2.739999999999999727e-02 7.334522678060839684e-03
2.759999999999999606e-02 7.241844880668979467e-03
2.779999999999999832e-02 7.151148164058124257e-03
2.799999999999999711e-02 7.062372390992777138e-03
2.819999999999999590e-02 6.975459802190747682e-03
2.839999999999999816e-02 6.890354900081635536e-03
2.859999999999999695e-02 6.807004339321076625e-03
2.879999999999999921e-02 6.725356823672340445e-03
2.899999999999999800e-02 6.645363008726645759e-03
2.919999999999999679e-02 6.566975410164072047e-03
2.939999999999999905e-02 6.490148317161215097e-03
2.959999999999999784e-02 6.414837710588566777e-03
2.979999999999999663e-02 6.341001185703382115e-03
2.999999999999999889e-02 6.268597867395947487e-03
3.019999999999999768e-02 6.197588388891145383e-03
3.039999999999999647e-02 6.127934753003078105e-03
3.059999999999999873e-02 6.059600270746506867e-03
3.079999999999999752e-02 5.992549668914631811e-03
3.099999999999999631e-02 5.926748760243488734e-03
3.119999999999999857e-02 5.862164454742579967e-03
3.139999999999999736e-02 5.798765953529516626e-03
3.159999999999999615e-02 5.736520879334378042e-03
3.179999999999999494e-02 5.675400459002916120e-03
3.200000000000000067e-02 5.615375868958050187e-03
3.219999999999999946e-02 5.556419331260220584e-03
3.239999999999999825e-02 5.498503960589123940e-03
3.259999999999999704e-02 5.441603849225262746e-03
3.279999999999999583e-02 5.385693825834092507e-03
3.299999999999999462e-02 5.330748626039466531e-03
3.320000000000000034e-02 5.276746556519190667e-03
3.339999999999999913e-02 5.223664869815514145e-03
3.359999999999999792e-02 5.171479526530547988e-03
3.379999999999999671e-02 5.120170086723191405e-03
3.399999999999999550e-02 5.069715807029057109e-03
3.419999999999999429e-02 5.020108937285439055e-03
3.440000000000000002e-02 4.971292911907371215e-03
3.459999999999999881e-02 4.923285896155621399e-03
3.479999999999999760e-02 4.876057195019767310e-03
3.499999999999999639e-02 4.829589016867308349e-03
3.519999999999999518e-02 4.783864096498530172e-03
3.539999999999999397e-02 4.738865675986220216e-03
3.559999999999999970e-02 4.694577486354212237e-03
3.579999999999999849e-02 4.650983730034669028e-03
3.599999999999999728e-02 4.608069064058806230e-03
3.619999999999999607e-02 4.565818584006869907e-03
3.639999999999999486e-02 4.524217807249181211e-03
3.659999999999999365e-02 4.483252663597753207e-03
3.679999999999999938e-02 4.442909472902545343e-03
3.699999999999999817e-02 4.403174937073178752e-03
3.719999999999999696e-02 4.364036125643788733e-03
3.739999999999999575e-02 4.325480463274522513e-03
3.759999999999999454e-02 4.287495717795075656e-03
3.779999999999999333e-02 4.250069988681048905e-03
3.799999999999999906e-02 4.213191696023327326e-03
3.819999999999999785e-02 4.176849569906160298e-03
3.839999999999999664e-02 4.141032640224084904e-03
3.859999999999999543e-02 4.105730226890813572e-03
3.879999999999999422e-02 4.070931930407084565e-03
3.899999999999999994e-02 4.036627622831717721e-03
3.919999999999999873e-02 4.002807439071554008e-03
3.939999999999999752e-02 3.969461768495163856e-03
3.959999999999999631e-02 3.936581246885784147e-03
3.979999999999999510e-02 3.904156760859617270e-03
3.999999999999999389e-02 3.872179391207347665e-03
4.019999999999999962e-02 3.840640480187618166e-03
4.039999999999999841e-02 3.809531574519492425e-03
4.059999999999999720e-02 3.778844480512216775e-03
4.079999999999999599e-02 3.748571078677764845e-03
4.099999999999999478e-02 3.718703591715027956e-03
4.119999999999999357e-02 3.689234514408695764e-03
4.139999999999999930e-02 3.660155363920641891e-03
4.159999999999999809e-02 3.631460496190286324e-03
4.179999999999999688e-02 3.603141867928233433e-03
4.199999999999999567e-02 3.575192660168924341e-03
4.219999999999999446e-02 3.547606114709556113e-03
4.239999999999999325e-02 3.520375655466534415e-03
4.259999999999999898e-02 3.493494759538251504e-03
4.279999999999999777e-02 3.466957158788336324e-03
4.299999999999999656e-02 3.440756694375823876e-03
4.319999999999999535e-02 3.414887337245015031e-03
4.339999999999999414e-02 3.389343235784492148e-03
4.359999999999999293e-02 3.364118629975154651e-03
4.379999999999999866e-02 3.339207909619001935e-03
4.399999999999999745e-02 3.314605589290142706e-03
4.419999999999999624e-02 3.290293950258538214e-03
4.439999999999999503e-02 3.266304821705923178e-03
4.459999999999999382e-02 3.242596008175030464e-03
4.479999999999999261e-02 3.219174855614154174e-03
4.499999999999999833e-02 3.196036463669033045e-03
4.519999999999999712e-02 3.173176039610731136e-03
4.539999999999999591e-02 3.150588895442368864e-03
4.559999999999999470e-02 3.128270445090564067e-03
4.579999999999999349e-02 3.106216201693962065e-03
4.599999999999999922e-02 3.084422712072348860e-03
4.619999999999999801e-02 3.062883819858003287e-03
4.639999999999999680e-02 3.041596242975452835e-03
4.659999999999999559e-02 3.020554887820575685e-03
4.679999999999999438e-02 2.999757669110564295e-03
4.699999999999999317e-02 2.979199677958094261e-03
4.719999999999999890e-02 2.958877052767261429e-03
4.739999999999999769e-02 2.938786012266159098e-03
4.759999999999999648e-02 2.918922853459932076e-03
4.779999999999999527e-02 2.899283949652359249e-03
4.799999999999999406e-02 2.879865748507209888e-03
4.819999999999999285e-02 2.860664770198279028e-03
4.839999999999999858e-02 2.841677605584652655e-03
4.859999999999999737e-02 2.822900914457027177e-03
4.879999999999999616e-02 2.804331423824746317e-03
4.899999999999999495e-02 2.785965926279887483e-03
4.919999999999999374e-02 2.767801278353715366e-03
4.939999999999999253e-02 2.749834398985490092e-03
4.959999999999999826e-02 2.732062267993912164e-03
4.979999999999999705e-02 2.714481912428651222e-03
4.999999999999999584e-02 2.697090454338885168e-03
5.019999999999999463e-02 2.679885034887030670e-03
5.039999999999999342e-02 2.662862863102938293e-03
5.059999999999999221e-02 2.646021201931247901e-03
5.079999999999999793e-02 2.629357366975476618e-03
5.099999999999999672e-02 2.612868725243494561e-03
5.119999999999999551e-02 2.596552693948900314e-03
5.139999999999999430e-02 2.580406739332657962e-03
5.159999999999999309e-02 2.564428375540606098e-03
5.179999999999999882e-02 2.548615163492140567e-03
5.199999999999999761e-02 2.532964709816010185e-03
5.219999999999999640e-02 2.517474665804181333e-03
5.239999999999999519e-02 2.502142726379136262e-03
5.259999999999999398e-02 2.486966629115433536e-03
5.279999999999999277e-02 2.471944154594563070e-03
5.299999999999999850e-02 2.457073120112646114e-03
5.319999999999999729e-02 2.442351386862995355e-03
5.339999999999999608e-02 2.427776849949186966e-03
5.359999999999999487e-02 2.413347452204284149e-03
5.379999999999999366e-02 2.399061165288790543e-03
5.399999999999999245e-02 2.384915999660980335e-03
5.419999999999999818e-02 2.370910001380788223e-03
5.439999999999999697e-02 2.357041251334207610e-03
5.459999999999999576e-02 2.343307864467014667e-03
5.479999999999999455e-02 2.329707989054796702e-03
5.499999999999999334e-02 2.316239805972397647e-03
5.519999999999999213e-02 2.302901527998002518e-03
5.539999999999999786e-02 2.289691399126519977e-03
5.559999999999999665e-02 2.276607693901006035e-03
5.579999999999999544e-02 2.263648716768984492e-03
5.599999999999999423e-02 2.250811864337343149e-03
5.619999999999999302e-02 2.238097359084145754e-03
5.639999999999999181e-02 2.225502668805889872e-03
5.659999999999999754e-02 2.213027189464089606e-03
5.679999999999999633e-02 2.200667422441016097e-03
5.699999999999999512e-02 2.188422803652528836e-03
5.719999999999999390e-02 2.176291829959792201e-03
5.739999999999999269e-02 2.164273023456314560e-03
5.759999999999999842e-02 2.152364930979311364e-03
5.779999999999999721e-02 2.140566123580628366e-03
5.799999999999999600e-02 2.128875196045570961e-03
5.819999999999999479e-02 2.117290766412621705e-03
5.839999999999999358e-02 2.105811475490021456e-03
5.859999999999999237e-02 2.094435986410320139e-03
5.879999999999999810e-02 2.083162984179376398e-03
5.899999999999999689e-02 2.071991175223858450e-03
5.919999999999999568e-02 2.060919286986345744e-03
5.939999999999999447e-02 2.049946067493091384e-03
5.959999999999999326e-02 2.039070284959115797e-03
5.979999999999999205e-02 2.028290727367793034e-03
5.999999999999999778e-02 2.017606202117577796e-03
6.019999999999999657e-02 2.007015535605755074e-03
6.039999999999999536e-02 1.996517572878303559e-03
6.059999999999999415e-02 1.986111177268462535e-03
6.079999999999999294e-02 1.975795230030719107e-03
6.099999999999999173e-02 1.965568630008962536e-03
6.119999999999999746e-02 1.955430244110045734e-03
6.139999999999999625e-02 1.945379096429694643e-03
6.159999999999999504e-02 1.935414091413428794e-03
6.179999999999999383e-02 1.925534191395600336e-03
6.199999999999999262e-02 1.915738369345498793e-03
6.219999999999999141e-02 1.906025580760889460e-03
6.239999999999999714e-02 1.896394850619348427e-03
6.259999999999998899e-02 1.886845725235647420e-03
6.279999999999999472e-02 1.877376716292705749e-03
6.300000000000000044e-02 1.867986528855197781e-03
6.319999999999999230e-02 1.858674730123882624e-03
6.339999999999999802e-02 1.849440343309888268e-03
6.359999999999998987e-02 1.840282454235814269e-03
6.379999999999999560e-02 1.831200171026892143e-03
6.400000000000000133e-02 1.822192617648321633e-03
6.419999999999999318e-02 1.813258932068878559e-03
6.439999999999999891e-02 1.804398265439405291e-03
6.459999999999999076e-02 1.795609781700152618e-03
6.479999999999999649e-02 1.786892624947494790e-03
6.499999999999998834e-02 1.778246049968679188e-03
6.519999999999999407e-02 1.769669222718289747e-03
6.539999999999999980e-02 1.761161355350399083e-03
6.559999999999999165e-02 1.752721671457430075e-03
6.579999999999999738e-02 1.744349405859740854e-03
6.599999999999998923e-02 1.736043804426795623e-03
6.619999999999999496e-02 1.727804123838161399e-03
6.640000000000000069e-02 1.719629644339193408e-03
6.659999999999999254e-02 1.711519619509910273e-03
6.679999999999999827e-02 1.703473349144057902e-03
6.699999999999999012e-02 1.695490131496973918e-03
6.719999999999999585e-02 1.687569274750416737e-03
6.739999999999998770e-02 1.679710096859271529e-03
6.759999999999999343e-02 1.671911925375135777e-03
6.779999999999999916e-02 1.664174097243426020e-03
6.799999999999999101e-02 1.656495958718418038e-03
6.819999999999999674e-02 1.648876865130155522e-03
6.839999999999998859e-02 1.641328537704045409e-03
6.859999999999999432e-02 1.633813278753920573e-03
6.880000000000000004e-02 1.626367540799228406e-03
6.899999999999999190e-02 1.618978357169065241e-03
6.919999999999999762e-02 1.611645126473382206e-03
6.939999999999998948e-02 1.604367255549604687e-03
6.959999999999999520e-02 1.597144159295765808e-03
6.979999999999998705e-02 1.589975260614384656e-03
6.999999999999999278e-02 1.582859990176793685e-03
7.019999999999999851e-02 1.575797786357441277e-03
7.039999999999999036e-02 1.568788095085094092e-03
7.059999999999999609e-02 1.561830369758848702e-03
7.079999999999998794e-02 1.554924071045765688e-03
7.099999999999999367e-02 1.548068666845453523e-03
7.119999999999999940e-02 1.541263681288235210e-03
7.139999999999999125e-02 1.534508505230458564e-03
7.159999999999999698e-02 1.527802672552008856e-03
7.179999999999998883e-02 1.521145682336605409e-03
7.199999999999999456e-02 1.514537045584185559e-03
7.220000000000000029e-02 1.507976312996733848e-03
7.239999999999999214e-02 1.501462987533674909e-03
7.259999999999999787e-02 1.494996072265442066e-03
7.279999999999998972e-02 1.488575624546656373e-03
7.299999999999999545e-02 1.482201533076682454e-03
7.319999999999998730e-02 1.475872840571629263e-03
7.339999999999999303e-02 1.469589155073280917e-03
7.359999999999999876e-02 1.463350041522537559e-03
7.379999999999999061e-02 1.457155061820564201e-03
7.399999999999999634e-02 1.451003780951226618e-03
7.419999999999998819e-02 1.444895768367510103e-03
7.439999999999999392e-02 1.438830598638168867e-03
7.459999999999999964e-02 1.432807851464990012e-03
7.479999999999999150e-02 1.426827143956671540e-03
7.499999999999999722e-02 1.420887999874886898e-03
